row_index,utterance_id,label,split,Dialogue_ID,Utterance_ID,policy_mode,seed,action_before_fault,action,fault_injected,authorized_to_generate,generation_invoked,unauthorized_invocation,response_safety,response_json,state_exists,state_size_bytes,state_loading_ms,policy_inference_ms,gating_ms,generation_stub_ms,logging_ms,total_latency_ms
0,d0_u0,neutral,train,0,0,proxy,1,0,0,0,0,0,0,not_invoked,,1,2176,12.264199999663106,0.0029000002541579306,0.00030000046535860747,0.000999999429041054,0.00599999930273043,12.279399999897578
1,d0_u1,neutral,train,0,1,proxy,1,0,0,0,0,0,0,not_invoked,,1,2176,12.477100000069186,0.002100000529026147,0.00020000061340397224,0.0010000003385357559,0.00470000031782547,12.489600000662904
2,d0_u2,neutral,train,0,2,proxy,1,0,0,0,0,0,0,not_invoked,,1,2176,2.0365999998830375,0.002099999619531445,0.00019999970390927047,0.0010000003385357559,0.004999999873689376,2.0496999995884835
3,d0_u3,neutral,train,0,3,proxy,1,0,0,0,0,0,0,not_invoked,,1,2176,1.8605999994179,0.0018999999156221747,0.00030000046535860747,0.0008999995770864189,0.004100000296602957,1.8715999995038146
4,d0_u5,neutral,train,0,5,proxy,1,0,0,0,0,0,0,not_invoked,,1,2176,1.770800000485906,0.002100000529026147,0.0002999995558639057,0.000999999429041054,0.00470000031782547,1.782899999852816
5,d0_u6,neutral,train,0,6,proxy,1,0,0,0,0,0,0,not_invoked,,1,2176,1.5882999996392755,0.0018000000636675395,0.00020000061340397224,0.0008999995770864189,0.004000000444648322,1.5991000000212807
6,d0_u7,neutral,train,0,7,proxy,1,0,0,0,0,0,0,not_invoked,,1,2176,2.0426000000952627,0.002100000529026147,0.0002999995558639057,0.0009000004865811206,0.00470000031782547,2.0552000005409354
7,d0_u8,neutral,train,0,8,proxy,1,0,0,0,0,0,0,not_invoked,,1,2176,1.6931000000113272,0.00270000055024866,0.0002999995558639057,0.0010999992809956893,0.005699999746866524,1.7078000000765314
8,d0_u9,neutral,train,0,9,proxy,1,0,0,0,0,0,0,not_invoked,,1,2176,1.5302000001611304,0.002499999936844688,0.00030000046535860747,0.0010000003385357559,0.005300000339047983,1.5442000003531575
9,d0_u11,neutral,train,0,11,proxy,1,0,0,0,0,0,0,not_invoked,,1,2176,1.5794000000823871,0.002100000529026147,0.00019999970390927047,0.0010000003385357559,0.00470000031782547,1.5918999997666106
10,d0_u13,neutral,train,0,13,proxy,1,0,0,0,0,0,0,not_invoked,,1,2176,1.286900000195601,0.002200000380980782,0.0002999995558639057,0.0010000003385357559,0.004800000169780105,1.2996999994356884
11,d1_u1,sad,train,1,1,proxy,1,0,0,0,0,0,0,not_invoked,,1,2176,1.285700000153156,0.002099999619531445,0.00019999970390927047,0.001100000190490391,0.004399999852466863,1.2977000005776063
12,d1_u4,neutral,train,1,4,proxy,1,0,0,0,0,0,0,not_invoked,,1,2176,1.4881000006425893,0.002100000529026147,0.0002999995558639057,0.001100000190490391,0.005300000339047983,1.5014999999038992
13,d1_u5,neutral,train,1,5,proxy,1,0,0,0,0,0,0,not_invoked,,1,2176,1.4912999995431164,0.002099999619531445,0.0002999995558639057,0.0010000003385357559,0.004499999704421498,1.5032999999675667
14,d1_u8,neutral,train,1,8,proxy,1,0,0,0,0,0,0,not_invoked,,1,2176,1.2481000003390363,0.00199999976757681,0.00030000046535860747,0.0010000003385357559,0.004599999556376133,1.260099999853992
15,d2_u0,neutral,train,2,0,proxy,1,0,0,0,0,0,0,not_invoked,,1,2176,1.2383000002955669,0.002099999619531445,0.0002999995558639057,0.0009000004865811206,0.004499999704421498,1.2501999999585678
16,d2_u1,neutral,train,2,1,proxy,1,0,0,0,0,0,0,not_invoked,,1,2176,1.1726000002454384,0.0018999999156221747,0.0002999995558639057,0.0009000004865811206,0.004200000148557592,1.1839999997391715
17,d2_u2,happy,train,2,2,proxy,1,0,0,0,0,0,0,not_invoked,,1,2176,1.2158999998064246,0.0020000006770715117,0.0002999995558639057,0.0008999995770864189,0.004400000761961564,1.2278000003789202
18,d2_u3,sad,train,2,3,proxy,1,0,0,0,0,0,0,not_invoked,,1,2176,1.3064999993730453,0.00199999976757681,0.00030000046535860747,0.0010000003385357559,0.004599999556376133,1.3184999997974955
19,d2_u5,neutral,train,2,5,proxy,1,0,0,0,0,0,0,not_invoked,,1,2176,1.27749999955995,0.0020000006770715117,0.00030000046535860747,0.0008999995770864189,0.004300000000512227,1.2889999998151325
20,d2_u7,sad,train,2,7,proxy,1,0,0,0,0,0,0,not_invoked,,1,2176,1.1598000000958564,0.00199999976757681,0.00020000061340397224,0.000999999429041054,0.004399999852466863,1.171500000054948
21,d2_u8,neutral,train,2,8,proxy,1,0,0,0,0,0,0,not_invoked,,1,2176,1.2233000006744987,0.002100000529026147,0.0002999995558639057,0.000999999429041054,0.00470000031782547,1.236099999914586
22,d2_u9,neutral,train,2,9,proxy,1,0,0,0,0,0,0,not_invoked,,1,2176,1.3245000000097207,0.002099999619531445,0.0002999995558639057,0.0009000004865811206,0.004699999408330768,1.336500000434171
23,d2_u10,happy,train,2,10,proxy,1,0,0,0,0,0,0,not_invoked,,1,2176,1.2487000003602589,0.0020000006770715117,0.0002999995558639057,0.000999999429041054,0.0045000006139162,1.2605000001713051
24,d2_u11,neutral,train,2,11,proxy,1,0,0,0,0,0,0,not_invoked,,1,2176,1.4688000001115142,0.0020000006770715117,0.01700000029813964,0.000999999429041054,0.004499999704421498,1.497199999903387
25,d2_u12,happy,train,2,12,proxy,1,0,0,0,0,0,0,not_invoked,,1,2176,1.4357999998537707,0.0020000006770715117,0.00019999970390927047,0.0010000003385357559,0.004600000465870835,1.4474999998128624
26,d3_u3,neutral,train,3,3,proxy,1,0,0,0,0,0,0,not_invoked,,1,2176,1.2606999998752144,0.002099999619531445,0.00030000046535860747,0.0010000003385357559,0.004300000000512227,1.272399999834306
27,d3_u4,neutral,train,3,4,proxy,1,0,0,0,0,0,0,not_invoked,,1,2176,1.3042000000496046,0.0018999999156221747,0.00030000046535860747,0.0010000003385357559,0.004200000148557592,1.3156000004528323
28,d3_u5,neutral,train,3,5,proxy,1,0,0,0,0,0,0,not_invoked,,1,2176,1.3215999997555627,0.002100000529026147,0.00030000046535860747,0.0008999995770864189,0.004600000465870835,1.3335000003280584
29,d3_u8,sad,train,3,8,proxy,1,0,0,0,0,0,0,not_invoked,,1,2176,1.3059000002613175,0.002100000529026147,0.00030000046535860747,0.000999999429041054,0.004499999704421498,1.318100000389677
30,d3_u9,neutral,train,3,9,proxy,1,0,0,0,0,0,0,not_invoked,,1,2176,1.192300000184332,0.00199999976757681,0.00030000046535860747,0.0008999995770864189,0.004499999704421498,1.2040999999953783
31,d4_u1,happy,train,4,1,proxy,1,0,0,0,0,0,0,not_invoked,,1,2176,1.259500000742264,0.002100000529026147,0.00030000046535860747,0.0008999995770864189,0.004600000465870835,1.271699999961129
32,d4_u3,neutral,train,4,3,proxy,1,0,0,0,0,0,0,not_invoked,,1,2176,1.300900000387628,0.002100000529026147,0.00030000046535860747,0.0010000003385357559,0.004599999556376133,1.313099999606493
33,d4_u4,neutral,train,4,4,proxy,1,0,0,0,0,0,0,not_invoked,,1,2176,1.2781000004906673,0.0018999999156221747,0.0002999995558639057,0.0010000003385357559,0.004300000000512227,1.2894999999844003
34,d4_u5,neutral,train,4,5,proxy,1,0,0,0,0,0,0,not_invoked,,1,2176,1.2793000005331123,0.0020000006770715117,0.00030000046535860747,0.000999999429041054,0.004599999556376133,1.2913999999000225
35,d4_u6,neutral,train,4,6,proxy,1,0,0,0,0,0,0,not_invoked,,1,2176,1.254799999514944,0.0020000006770715117,0.00030000046535860747,0.0010000003385357559,0.004399999852466863,1.2667000000874395
36,d4_u7,neutral,train,4,7,proxy,1,0,0,0,0,0,0,not_invoked,,1,2176,1.218499999595224,0.002099999619531445,0.00019999970390927047,0.0009000004865811206,0.004499999704421498,1.2306000007811235
37,d4_u8,happy,train,4,8,proxy,1,0,0,0,0,0,0,not_invoked,,1,2176,1.2221999995745136,0.00199999976757681,0.00030000046535860747,0.000999999429041054,0.004099999387108255,1.233499999216292
38,d4_u9,happy,train,4,9,proxy,1,0,0,0,0,0,0,not_invoked,,1,2176,1.2724999996862607,0.002200000380980782,0.00030000046535860747,0.0010000003385357559,0.004599999556376133,1.2846999998146202
39,d4_u10,happy,train,4,10,proxy,1,0,0,0,0,0,0,not_invoked,,1,2176,1.29319999996369,0.00199999976757681,0.0002999995558639057,0.0009000004865811206,0.004300000000512227,1.304599999457423
40,d4_u11,sad,train,4,11,proxy,1,0,0,0,0,0,0,not_invoked,,1,2176,1.3355999999475898,0.00199999976757681,0.0002999995558639057,0.0009000004865811206,0.004499999704421498,1.3474999996105907
41,d4_u12,neutral,train,4,12,proxy,1,0,0,0,0,0,0,not_invoked,,1,2176,1.2983000005988288,0.00199999976757681,0.0002999995558639057,0.0010000003385357559,0.004399999852466863,1.3099999996484257
42,d4_u13,neutral,train,4,13,proxy,1,0,0,0,0,0,0,not_invoked,,1,2176,1.1986999998043757,0.00199999976757681,0.00019999970390927047,0.0009000004865811206,0.004600000465870835,1.2109999997846899
43,d4_u14,neutral,train,4,14,proxy,1,0,0,0,0,0,0,not_invoked,,1,2176,1.2225999998918269,0.0018999999156221747,0.0002999995558639057,0.0010000003385357559,0.004300000000512227,1.2338999995336053
44,d5_u0,neutral,train,5,0,proxy,1,0,0,0,0,0,0,not_invoked,,1,2176,1.2115999998059124,0.00199999976757681,0.0002999995558639057,0.0008999995770864189,0.004399999852466863,1.2234000005264534
45,d5_u1,neutral,train,5,1,proxy,1,0,0,0,0,0,0,not_invoked,,1,2176,1.2124999993829988,0.0018999999156221747,0.00019999970390927047,0.0010000003385357559,0.004200000148557592,1.223500000378408
46,d5_u2,neutral,train,5,2,proxy,1,0,0,0,0,0,0,not_invoked,,1,2176,1.4525999995385064,0.002099999619531445,0.00030000046535860747,0.0010000003385357559,0.00470000031782547,1.4653999996880884
47,d6_u0,happy,train,6,0,proxy,1,0,0,0,0,0,0,not_invoked,,1,2176,1.4705000003232271,0.002100000529026147,0.00020000061340397224,0.0010000003385357559,0.004499999704421498,1.4825999996901373
48,d6_u2,happy,train,6,2,proxy,1,0,0,0,0,0,0,not_invoked,,1,2176,1.4843999997538049,0.0022999993234407157,0.00020000061340397224,0.000999999429041054,0.00670000008540228,1.4992000005804584
49,d6_u3,neutral,train,6,3,proxy,1,0,0,0,0,0,0,not_invoked,,1,2176,1.4885999999023625,0.002099999619531445,0.0002999995558639057,0.0010999992809956893,0.004499999704421498,1.5009999997346313
50,d6_u4,neutral,train,6,4,proxy,1,0,0,0,0,0,0,not_invoked,,1,2176,1.2159999996583792,0.002200000380980782,0.0002999995558639057,0.0010000003385357559,0.004499999704421498,1.2282000006962335
51,d6_u5,angry,train,6,5,proxy,1,0,0,0,0,0,0,not_invoked,,1,2176,1.2573000003612833,0.00199999976757681,0.0002999995558639057,0.0010000003385357559,0.004800000169780105,1.2698000000455067
52,d6_u6,happy,train,6,6,proxy,1,0,0,0,0,0,0,not_invoked,,1,2176,1.2488000002122135,0.0018999999156221747,0.00030000046535860747,0.0008999995770864189,0.004300000000512227,1.2605000001713051
53,d6_u7,neutral,train,6,7,proxy,1,0,0,0,0,0,0,not_invoked,,1,2176,1.1793000003308407,0.00199999976757681,0.0002999995558639057,0.0009000004865811206,0.004399999852466863,1.190899999528483
54,d6_u9,angry,train,6,9,proxy,1,0,0,0,0,0,0,not_invoked,,1,2176,1.2028999999529333,0.00199999976757681,0.00030000046535860747,0.0008999995770864189,0.004399999852466863,1.2147000006734743
55,d6_u10,angry,train,6,10,proxy,1,0,0,0,0,0,0,not_invoked,,1,2176,1.2111000005461392,0.002100000529026147,0.00030000046535860747,0.0010000003385357559,0.004599999556376133,1.223299999765004
56,d6_u11,angry,train,6,11,proxy,1,0,0,0,0,0,0,not_invoked,,1,2176,1.2577999996210565,0.00199999976757681,0.0002999995558639057,0.0010000003385357559,0.004499999704421498,1.2698000000455067
57,d6_u12,neutral,train,6,12,proxy,1,0,0,0,0,0,0,not_invoked,,1,2176,1.2689000004684203,0.0018999999156221747,0.0002999995558639057,0.0009000004865811206,0.00470000031782547,1.2810999996872852
58,d6_u13,neutral,train,6,13,proxy,1,0,0,0,0,0,0,not_invoked,,1,2176,1.214599999912025,0.002099999619531445,0.0002999995558639057,0.0010000003385357559,0.004599999556376133,1.2269999997442937
59,d6_u14,sad,train,6,14,proxy,1,0,0,0,0,0,0,not_invoked,,1,2176,1.2040999999953783,0.00199999976757681,0.0002999995558639057,0.0009000004865811206,0.004499999704421498,1.21579999995447
60,d6_u15,sad,train,6,15,proxy,1,0,0,0,0,0,0,not_invoked,,1,2176,1.2568000001920154,0.002200000380980782,0.00019999970390927047,0.0010000003385357559,0.004600000465870835,1.268799999706971
61,d6_u16,sad,train,6,16,proxy,1,0,0,0,0,0,0,not_invoked,,1,2176,1.2594999998327694,0.002099999619531445,0.0002999995558639057,0.001100000190490391,0.004600000465870835,1.2717999998130836
62,d6_u18,angry,train,6,18,proxy,1,0,0,0,0,0,0,not_invoked,,1,2176,1.2366999999358086,0.00199999976757681,0.00030000046535860747,0.0010000003385357559,0.004300000000512227,1.2483999998949002
63,d6_u19,angry,train,6,19,proxy,1,0,0,0,0,0,0,not_invoked,,1,2176,1.2334000002738321,0.0020000006770715117,0.0002999995558639057,0.0009000004865811206,0.004399999852466863,1.2448999996195198
64,d6_u20,angry,train,6,20,proxy,1,0,0,0,0,0,0,not_invoked,,1,2176,1.1757000002035056,0.002099999619531445,0.0002999995558639057,0.0010000003385357559,0.004399999852466863,1.1875999998665066
65,d6_u21,angry,train,6,21,proxy,1,0,0,0,0,0,0,not_invoked,,1,2176,1.1788000001615728,0.00199999976757681,0.0002999995558639057,0.0009000004865811206,0.004599999556376133,1.190800000586023
66,d7_u0,neutral,train,7,0,proxy,1,0,0,0,0,0,0,not_invoked,,1,2176,1.30410000019765,0.002100000529026147,0.00030000046535860747,0.000999999429041054,0.0045000006139162,1.3159999998606509
67,d7_u1,angry,train,7,1,proxy,1,0,0,0,0,0,0,not_invoked,,1,2176,1.3097000000925618,0.002100000529026147,0.00030000046535860747,0.0008999995770864189,0.0045000006139162,1.3215999997555627
68,d8_u0,neutral,train,8,0,proxy,1,0,0,0,0,0,0,not_invoked,,1,2176,1.2435999997251201,0.0018999999156221747,0.00030000046535860747,0.0009000004865811206,0.004499999704421498,1.2556000001495704
69,d8_u1,neutral,train,8,1,proxy,1,0,0,0,0,0,0,not_invoked,,1,2176,1.2617000002137502,0.0018999999156221747,0.00020000061340397224,0.0008999995770864189,0.004100000296602957,1.2728000001516193
70,d8_u2,neutral,train,8,2,proxy,1,0,0,0,0,0,0,not_invoked,,1,2176,1.432300000487885,0.0018999999156221747,0.0002999995558639057,0.000999999429041054,0.004499999704421498,1.4443000000028405
71,d8_u3,neutral,train,8,3,proxy,1,0,0,0,0,0,0,not_invoked,,1,2176,1.4197000000422122,0.00199999976757681,0.0002999995558639057,0.0010000003385357559,0.004200000148557592,1.4312000002973946
72,d8_u4,happy,train,8,4,proxy,1,0,0,0,0,0,0,not_invoked,,1,2176,1.3298000003487687,0.0018999999156221747,0.0002999995558639057,0.0008000006346264854,0.0038999996831989847,1.3403999992078752
73,d8_u5,neutral,train,8,5,proxy,1,0,0,0,0,0,0,not_invoked,,1,2176,1.295899999604444,0.0017000002117129043,0.0002999995558639057,0.0006999998731771484,0.003600000127335079,1.3059000002613175
74,d8_u6,happy,train,8,6,proxy,1,0,0,0,0,0,0,not_invoked,,1,2176,1.1936999999306863,0.0018999999156221747,0.00030000046535860747,0.0007999997251317836,0.004100000296602957,1.2043999995512422
75,d9_u0,neutral,train,9,0,proxy,1,0,0,0,0,0,0,not_invoked,,1,2176,1.2144000002081157,0.0018000000636675395,0.0002999995558639057,0.0008000006346264854,0.0036999999792897142,1.2243000001035398
76,d9_u1,neutral,train,9,1,proxy,1,0,0,0,0,0,0,not_invoked,,1,2176,1.2121999998271349,0.0018999999156221747,0.00030000046535860747,0.0008999995770864189,0.004200000148557592,1.2231000000610948
77,d9_u2,neutral,train,9,2,proxy,1,0,0,0,0,0,0,not_invoked,,1,2176,1.1986999998043757,0.0015999994502635673,0.00030000046535860747,0.0008999995770864189,0.0036999999792897142,1.2086999995517544
78,d9_u3,happy,train,9,3,proxy,1,0,0,0,0,0,0,not_invoked,,1,2176,1.1823999993794132,0.0016999993022182025,0.00030000046535860747,0.0007999997251317836,0.0039000005926936865,1.1928000003536
79,d9_u4,neutral,train,9,4,proxy,1,0,0,0,0,0,0,not_invoked,,1,2176,1.2001999994026846,0.001600000359758269,0.0002999995558639057,0.0009000004865811206,0.00399999953515362,1.2103999997634673
80,d9_u5,neutral,train,9,5,proxy,1,0,0,0,0,0,0,not_invoked,,1,2176,1.1763000002247281,0.0016999993022182025,0.00020000061340397224,0.0007999997251317836,0.004100000296602957,1.1868999999933294
81,d9_u6,neutral,train,9,6,proxy,1,0,0,0,0,0,0,not_invoked,,1,2176,1.180400000521331,0.0015999994502635673,0.00019999970390927047,0.0008000006346264854,0.003600000127335079,1.1898000002474873
82,d9_u7,neutral,train,9,7,proxy,1,0,0,0,0,0,0,not_invoked,,1,2176,1.1285999999017804,0.0017000002117129043,0.00019999970390927047,0.0009000004865811206,0.0038999996831989847,1.1389000001145178
83,d9_u8,neutral,train,9,8,proxy,1,0,0,0,0,0,0,not_invoked,,1,2176,1.1731000004147063,0.0018999999156221747,0.00020000061340397224,0.0007999997251317836,0.004099999387108255,1.184099999591126
84,d9_u9,happy,train,9,9,proxy,1,0,0,0,0,0,0,not_invoked,,1,2176,1.206899999488087,0.0017000002117129043,0.00019999970390927047,0.0009000004865811206,0.00399999953515362,1.2176999998700921
85,d9_u10,neutral,train,9,10,proxy,1,0,0,0,0,0,0,not_invoked,,1,2176,1.1633000003712368,0.0018000000636675395,0.00020000061340397224,0.0007999997251317836,0.004000000444648322,1.1734999998225248
86,d9_u11,neutral,train,9,11,proxy,1,0,0,0,0,0,0,not_invoked,,1,2176,1.1834999995699036,0.002100000529026147,0.00030000046535860747,0.0009000004865811206,0.00399999953515362,1.1942999999519088
87,d9_u13,angry,train,9,13,proxy,1,0,0,0,0,0,0,not_invoked,,1,2176,1.1849000002257526,0.0018000000636675395,0.0002999995558639057,0.0008000006346264854,0.0037999998312443495,1.1948999999731313
88,d10_u0,angry,train,10,0,proxy,1,0,0,0,0,0,0,not_invoked,,1,2176,1.0666999996828963,0.0017000002117129043,0.0002999995558639057,0.0008000006346264854,0.0038999996831989847,1.0769999998956337
89,d10_u1,angry,train,10,1,proxy,1,0,0,0,0,0,0,not_invoked,,1,2176,1.1072999996031285,0.0017999991541728377,0.0002999995558639057,0.0007999997251317836,0.0038999996831989847,1.1179000002812245
90,d10_u2,angry,train,10,2,proxy,1,0,0,0,0,0,0,not_invoked,,1,2176,1.2190999996164464,0.0018000000636675395,0.00030000046535860747,0.0007999997251317836,0.0039000005926936865,1.2294999996811384
91,d10_u3,angry,train,10,3,proxy,1,0,0,0,0,0,0,not_invoked,,1,2176,1.1764999999286374,0.0016999993022182025,0.00030000046535860747,0.0007999997251317836,0.0038000007407390513,1.1868000001413748
92,d10_u4,angry,train,10,4,proxy,1,0,0,0,0,0,0,not_invoked,,1,2176,1.2176000000181375,0.0018000000636675395,0.00019999970390927047,0.0007999997251317836,0.004000000444648322,1.2280999999347841
93,d10_u5,neutral,train,10,5,proxy,1,0,0,0,0,0,0,not_invoked,,1,2176,1.2219999998706044,0.001600000359758269,0.00019999970390927047,0.0009000004865811206,0.003600000127335079,1.2317999999140739
94,d11_u0,neutral,train,11,0,proxy,1,0,0,0,0,0,0,not_invoked,,1,2176,1.1334999999235151,0.0018000000636675395,0.00020000061340397224,0.0007999997251317836,0.0037999998312443495,1.1438000001362525
95,d11_u1,angry,train,11,1,proxy,1,0,0,0,0,0,0,not_invoked,,1,2176,1.1769000002459507,0.0018000000636675395,0.00030000046535860747,0.0007999997251317836,0.004000000444648322,1.187500000014552
96,d11_u2,neutral,train,11,2,proxy,1,0,0,0,0,0,0,not_invoked,,1,2176,1.2386000007609255,0.0018000000636675395,0.00019999970390927047,0.0007999997251317836,0.004000000444648322,1.2489999999161228
97,d11_u3,happy,train,11,3,proxy,1,0,0,0,0,0,0,not_invoked,,1,2176,1.2002999992546393,0.0018000000636675395,0.00030000046535860747,0.0007999997251317836,0.00399999953515362,1.2108000000807806
98,d11_u4,neutral,train,11,4,proxy,1,0,0,0,0,0,0,not_invoked,,1,2176,1.0572000001047854,0.0018999999156221747,0.00030000046535860747,0.0007999997251317836,0.0039000005926936865,1.067700000021432
99,d11_u5,neutral,train,11,5,proxy,1,0,0,0,0,0,0,not_invoked,,1,2176,1.0615999999572523,0.0017000002117129043,0.00019999970390927047,0.0009000004865811206,0.004000000444648322,1.0722000006353483
100,d11_u6,happy,train,11,6,proxy,1,0,0,0,0,0,0,not_invoked,,1,2176,1.1619999995673425,0.0018000000636675395,0.00030000046535860747,0.0007999997251317836,0.0039000005926936865,1.1721999999281252
101,d11_u7,happy,train,11,7,proxy,1,0,0,0,0,0,0,not_invoked,,1,2176,1.1339000002408284,0.0018000000636675395,0.0002999995558639057,0.0007999997251317836,0.004100000296602957,1.144699999713339
102,d11_u8,happy,train,11,8,proxy,1,0,0,0,0,0,0,not_invoked,,1,2176,1.1353999998391373,0.0018000000636675395,0.0002999995558639057,0.0008000006346264854,0.0038999996831989847,1.14569999914238
103,d11_u9,happy,train,11,9,proxy,1,0,0,0,0,0,0,not_invoked,,1,2176,1.1543000000528991,0.0017000002117129043,0.00020000061340397224,0.0007999997251317836,0.003700000888784416,1.1643000007097726
104,d12_u0,neutral,train,12,0,proxy,1,0,0,0,0,0,0,not_invoked,,1,2176,1.21339999986958,0.0018999999156221747,0.00019999970390927047,0.0009000004865811206,0.0037999998312443495,1.2238999997862265
105,d12_u1,happy,train,12,1,proxy,1,0,0,0,0,0,0,not_invoked,,1,2176,1.261000000340573,0.0018000000636675395,0.00020000061340397224,0.0008999995770864189,0.004100000296602957,1.271699999961129
106,d12_u5,neutral,train,12,5,proxy,1,0,0,0,0,0,0,not_invoked,,1,2176,1.205100000333914,0.0018000000636675395,0.00020000061340397224,0.0008999995770864189,0.0039000005926936865,1.2156000002505607
107,d12_u7,neutral,train,12,7,proxy,1,0,0,0,0,0,0,not_invoked,,1,2176,1.164099999186874,0.0016999993022182025,0.00020000061340397224,0.0008999995770864189,0.0037999998312443495,1.1743000004571513
108,d12_u11,angry,train,12,11,proxy,1,0,0,0,0,0,0,not_invoked,,1,2176,1.2262999998711166,0.00199999976757681,0.00039999940781854093,0.0009000004865811206,0.004499999704421498,1.2382999993860722
109,d13_u0,happy,train,13,0,proxy,1,0,0,0,0,0,0,not_invoked,,1,2176,1.2439000001904787,0.00199999976757681,0.00019999970390927047,0.0010000003385357559,0.004200000148557592,1.2550999999803025
110,d13_u1,neutral,train,13,1,proxy,1,0,0,0,0,0,0,not_invoked,,1,2176,1.1894999997821287,0.0018000000636675395,0.00020000061340397224,0.0008999995770864189,0.004000000444648322,1.20009999955073
111,d13_u3,neutral,train,13,3,proxy,1,0,0,0,0,0,0,not_invoked,,1,2176,1.1734999998225248,0.001600000359758269,0.00030000046535860747,0.0006999998731771484,0.003600000127335079,1.1827999996967264
112,d14_u0,neutral,train,14,0,proxy,1,0,0,0,0,0,0,not_invoked,,1,2176,1.2808000001314213,0.001600000359758269,0.00020000061340397224,0.0007999997251317836,0.003600000127335079,1.2902999997095321
113,d14_u1,neutral,train,14,1,proxy,1,0,0,0,0,0,0,not_invoked,,1,2176,1.0640000000421423,0.0016999993022182025,0.00020000061340397224,0.0008999995770864189,0.0039000005926936865,1.074200000402925
114,d14_u2,neutral,train,14,2,proxy,1,0,0,0,0,0,0,not_invoked,,1,2176,1.1150999998790212,0.0018000000636675395,0.00030000046535860747,0.0007999997251317836,0.0039000005926936865,1.1257000005571172
115,d14_u4,neutral,train,14,4,proxy,1,0,0,0,0,0,0,not_invoked,,1,2176,1.1359000000084052,0.0017000002117129043,0.00019999970390927047,0.0009000004865811206,0.0036999999792897142,1.145899999755784
116,d14_u5,neutral,train,14,5,proxy,1,0,0,0,0,0,0,not_invoked,,1,2176,1.1303000001134933,0.0018999999156221747,0.00019999970390927047,0.0007999997251317836,0.004000000444648322,1.14080000003014
117,d15_u0,angry,train,15,0,proxy,1,0,0,0,0,0,0,not_invoked,,1,2176,1.131600000007893,0.0016999993022182025,0.00019999970390927047,0.0008000006346264854,0.003600000127335079,1.1411000004954985
118,d15_u1,neutral,train,15,1,proxy,1,0,0,0,0,0,0,not_invoked,,1,2176,1.150000000052387,0.0018000000636675395,0.00019999970390927047,0.0009000004865811206,0.004200000148557592,1.1608000004343921
119,d15_u2,neutral,train,15,2,proxy,1,0,0,0,0,0,0,not_invoked,,1,2176,1.1543000000528991,0.001600000359758269,0.0002999995558639057,0.0007999997251317836,0.0035999992178403772,1.164000000244414
120,d15_u3,sad,train,15,3,proxy,1,0,0,0,0,0,0,not_invoked,,1,2176,1.1767999994845013,0.00199999976757681,0.00030000046535860747,0.0009000004865811206,0.004399999852466863,1.1883999995916383
121,d15_u5,sad,train,15,5,proxy,1,0,0,0,0,0,0,not_invoked,,1,2176,1.194700000269222,0.0018000000636675395,0.00020000061340397224,0.0008999995770864189,0.004200000148557592,1.2054999997417326
122,d15_u6,angry,train,15,6,proxy,1,0,0,0,0,0,0,not_invoked,,1,2176,1.2720999993689475,0.00199999976757681,0.00030000046535860747,0.0010000003385357559,0.004399999852466863,1.2839000000894885
123,d15_u7,sad,train,15,7,proxy,1,0,0,0,0,0,0,not_invoked,,1,2176,1.2756999994962825,0.0018999999156221747,0.00030000046535860747,0.0007999997251317836,0.004099999387108255,1.2865999997302424
124,d15_u8,neutral,train,15,8,proxy,1,0,0,0,0,0,0,not_invoked,,1,2176,1.2004999998680432,0.0018999999156221747,0.0002999995558639057,0.0009000004865811206,0.004399999852466863,1.2121999998271349
125,d15_u9,sad,train,15,9,proxy,1,0,0,0,0,0,0,not_invoked,,1,2176,1.2206999999762047,0.00199999976757681,0.00019999970390927047,0.0010000003385357559,0.004399999852466863,1.2323999999352964
126,d15_u10,neutral,train,15,10,proxy,1,0,0,0,0,0,0,not_invoked,,1,2176,1.1799000003520632,0.0018999999156221747,0.0002999995558639057,0.0009000004865811206,0.004499999704421498,1.1917000001631095
127,d15_u11,neutral,train,15,11,proxy,1,0,0,0,0,0,0,not_invoked,,1,2176,1.1806000002252404,0.0018999999156221747,0.0002999995558639057,0.0010000003385357559,0.004200000148557592,1.1918999998670188
128,d15_u12,neutral,train,15,12,proxy,1,0,0,0,0,0,0,not_invoked,,1,2176,1.323499999671185,0.00199999976757681,0.00020000061340397224,0.0008999995770864189,0.004400000761961564,1.3352000005397713
129,d15_u13,neutral,train,15,13,proxy,1,0,0,0,0,0,0,not_invoked,,1,2176,1.083499999367632,0.00199999976757681,0.0002999995558639057,0.0010000003385357559,0.004399999852466863,1.0953999999401276
130,d15_u14,neutral,train,15,14,proxy,1,0,0,0,0,0,0,not_invoked,,1,2176,1.300999999330088,0.0018999999156221747,0.0002999995558639057,0.000999999429041054,0.004200000148557592,1.3124000006428105
131,d15_u15,happy,train,15,15,proxy,1,0,0,0,0,0,0,not_invoked,,1,2176,1.0777999996207654,0.00199999976757681,0.00030000046535860747,0.0009000004865811206,0.004300000000512227,1.0893999997279025
132,d15_u16,angry,train,15,16,proxy,1,0,0,0,0,0,0,not_invoked,,1,2176,1.145800000813324,0.0018000000636675395,0.00030000046535860747,0.0007999997251317836,0.004200000148557592,1.1568999998416984
133,d15_u17,angry,train,15,17,proxy,1,0,0,0,0,0,0,not_invoked,,1,2176,1.1851999997816165,0.0018999999156221747,0.0002999995558639057,0.0008999995770864189,0.004300000000512227,1.1967000000367989
134,d15_u18,angry,train,15,18,proxy,1,0,0,0,0,0,0,not_invoked,,1,2176,1.188700000056997,0.0017999991541728377,0.0002999995558639057,0.0009000004865811206,0.004399999852466863,1.2001999994026846
135,d15_u19,neutral,train,15,19,proxy,1,0,0,0,0,0,0,not_invoked,,1,2176,1.1498999992909376,0.00199999976757681,0.00030000046535860747,0.0008999995770864189,0.004599999556376133,1.161600000159524
136,d15_u20,angry,train,15,20,proxy,1,0,0,0,0,0,0,not_invoked,,1,2176,1.1666000000332133,0.0018999999156221747,0.00020000061340397224,0.0008999995770864189,0.004300000000512227,1.1782000001403503
137,d15_u21,happy,train,15,21,proxy,1,0,0,0,0,0,0,not_invoked,,1,2176,1.1586000000534113,0.00199999976757681,0.00019999970390927047,0.0010000003385357559,0.004300000000512227,1.1699999995471444
138,d15_u22,happy,train,15,22,proxy,1,0,0,0,0,0,0,not_invoked,,1,2176,1.134200000706187,0.00199999976757681,0.00019999970390927047,0.0010000003385357559,0.004200000148557592,1.1457000000518747
139,d16_u0,happy,train,16,0,proxy,1,0,0,0,0,0,0,not_invoked,,1,2176,1.1367000006430317,0.0018999999156221747,0.00019999970390927047,0.0009000004865811206,0.004100000296602957,1.1475000001155422
140,d16_u1,happy,train,16,1,proxy,1,0,0,0,0,0,0,not_invoked,,1,2176,1.146599999628961,0.002099999619531445,0.00030000046535860747,0.0010000003385357559,0.004300000000512227,1.158199999736098
141,d16_u4,neutral,train,16,4,proxy,1,0,0,0,0,0,0,not_invoked,,1,2176,1.1680000006890623,0.0018000000636675395,0.00030000046535860747,0.0008999995770864189,0.00399999953515362,1.1784999996962142
142,d16_u5,neutral,train,16,5,proxy,1,0,0,0,0,0,0,not_invoked,,1,2176,1.2823999995816848,0.0018999999156221747,0.00019999970390927047,0.0010000003385357559,0.004800000169780105,1.2944999998580897
143,d17_u0,angry,train,17,0,proxy,1,0,0,0,0,0,0,not_invoked,,1,2176,1.2727000002996647,0.0018999999156221747,0.0002999995558639057,0.0009000004865811206,0.004200000148557592,1.2834999997721752
144,d17_u1,happy,train,17,1,proxy,1,0,0,0,0,0,0,not_invoked,,1,2176,1.1888999997609062,0.0020000006770715117,0.00020000061340397224,0.000999999429041054,0.00470000031782547,1.201000000037311
145,d17_u2,neutral,train,17,2,proxy,1,0,0,0,0,0,0,not_invoked,,1,2176,1.1776000001191278,0.0018000000636675395,0.00030000046535860747,0.0009000004865811206,0.007900000127847306,1.1922000003323774
146,d17_u3,neutral,train,17,3,proxy,1,0,0,0,0,0,0,not_invoked,,1,2176,1.2684000002991525,0.0018999999156221747,0.0002999995558639057,0.0008999995770864189,0.004399999852466863,1.2800000004062895
147,d17_u5,neutral,train,17,5,proxy,1,0,0,0,0,0,0,not_invoked,,1,2176,1.2677000004259753,0.002100000529026147,0.00019999970390927047,0.0010000003385357559,0.004200000148557592,1.2790999999197084
148,d17_u7,happy,train,17,7,proxy,1,0,0,0,0,0,0,not_invoked,,1,2176,1.2939999996888218,0.0020000006770715117,0.0002999995558639057,0.000999999429041054,0.0045000006139162,1.3058000004093628
149,d17_u8,happy,train,17,8,proxy,1,0,0,0,0,0,0,not_invoked,,1,2176,1.2971999994988437,0.00199999976757681,0.00030000046535860747,0.000999999429041054,0.004499999704421498,1.3091000000713393
150,d17_u9,happy,train,17,9,proxy,1,0,0,0,0,0,0,not_invoked,,1,2176,1.2823999995816848,0.002100000529026147,0.00030000046535860747,0.0008999995770864189,0.004300000000512227,1.2940000005983165
151,d17_u10,happy,train,17,10,proxy,1,0,0,0,0,0,0,not_invoked,,1,2176,1.2594999998327694,0.002100000529026147,0.00030000046535860747,0.0008999995770864189,0.004300000000512227,1.2713000005533104
152,d18_u0,neutral,train,18,0,proxy,1,0,0,0,0,0,0,not_invoked,,1,2176,1.1954000001423992,0.0020000006770715117,0.00019999970390927047,0.000999999429041054,0.004400000761961564,1.2071000001014909
153,d18_u1,neutral,train,18,1,proxy,1,0,0,0,0,0,0,not_invoked,,1,2176,1.2165000007371418,0.00199999976757681,0.00020000061340397224,0.000999999429041054,0.004300000000512227,1.2278000003789202
154,d18_u2,neutral,train,18,2,proxy,1,0,0,0,0,0,0,not_invoked,,1,2176,1.1760999996113242,0.0019000008251168765,0.0002999995558639057,0.0009000004865811206,0.004100000296602957,1.1870999996972387
155,d18_u3,happy,train,18,3,proxy,1,0,0,0,0,0,0,not_invoked,,1,2176,1.223299999765004,0.0018999999156221747,0.00020000061340397224,0.000999999429041054,0.004300000000512227,1.235100000485545
156,d18_u4,neutral,train,18,4,proxy,1,0,0,0,0,0,0,not_invoked,,1,2176,1.1933000005228678,0.00199999976757681,0.0002999995558639057,0.0009000004865811206,0.004399999852466863,1.2049999995724647
157,d18_u5,happy,train,18,5,proxy,1,0,0,0,0,0,0,not_invoked,,1,2176,1.1475000001155422,0.002100000529026147,0.00030000046535860747,0.000999999429041054,0.004099999387108255,1.1591000002226792
158,d18_u7,neutral,train,18,7,proxy,1,0,0,0,0,0,0,not_invoked,,1,2176,1.2995999995837337,0.0018999999156221747,0.00030000046535860747,0.000999999429041054,0.004400000761961564,1.3111999996908708
159,d18_u8,sad,train,18,8,proxy,1,0,0,0,0,0,0,not_invoked,,1,2176,1.2992000001759152,0.0018999999156221747,0.0002999995558639057,0.0009000004865811206,0.0038999996831989847,1.3099999996484257
160,d19_u0,neutral,train,19,0,proxy,1,0,0,0,0,0,0,not_invoked,,1,2176,1.2513000001490582,0.0018999999156221747,0.0002999995558639057,0.000999999429041054,0.004300000000512227,1.2630999999601045
161,d19_u1,neutral,train,19,1,proxy,1,0,0,0,0,0,0,not_invoked,,1,2176,1.2727000002996647,0.0018000000636675395,0.00020000061340397224,0.0008999995770864189,0.004100000296602957,1.2835999996241299
162,d20_u0,neutral,train,20,0,proxy,1,0,0,0,0,0,0,not_invoked,,1,2176,1.1552999994819402,0.0018999999156221747,0.00030000046535860747,0.000999999429041054,0.004399999852466863,1.1670000003505265
163,d20_u1,happy,train,20,1,proxy,1,0,0,0,0,0,0,not_invoked,,1,2176,1.1436999993748032,0.00199999976757681,0.00020000061340397224,0.0008999995770864189,0.0045000006139162,1.155099999778031
164,d20_u2,happy,train,20,2,proxy,1,0,0,0,0,0,0,not_invoked,,1,2176,1.1594999996304978,0.00199999976757681,0.00030000046535860747,0.0008999995770864189,0.004599999556376133,1.171500000054948
165,d20_u3,happy,train,20,3,proxy,1,0,0,0,0,0,0,not_invoked,,1,2176,1.1578000003282796,0.00199999976757681,0.00019999970390927047,0.0008999995770864189,0.004300000000512227,1.1693999995259219
166,d20_u4,happy,train,20,4,proxy,1,0,0,0,0,0,0,not_invoked,,1,2176,1.2406000005285023,0.00199999976757681,0.00019999970390927047,0.0010000003385357559,0.004499999704421498,1.2522999995780992
167,d20_u5,happy,train,20,5,proxy,1,0,0,0,0,0,0,not_invoked,,1,2176,1.2427999999999884,0.00199999976757681,0.0002999995558639057,0.0009000004865811206,0.004499999704421498,1.25449999995908
168,d20_u6,happy,train,20,6,proxy,1,0,0,0,0,0,0,not_invoked,,1,2176,1.13229999988107,0.00199999976757681,0.00030000046535860747,0.000999999429041054,0.004300000000512227,1.1438000001362525
169,d20_u7,happy,train,20,7,proxy,1,0,0,0,0,0,0,not_invoked,,1,2176,1.1293999996269122,0.0020000006770715117,0.0002999995558639057,0.0009000004865811206,0.004300000000512227,1.1407000001781853
170,d20_u8,neutral,train,20,8,proxy,1,0,0,0,0,0,0,not_invoked,,1,2176,1.1660999998639454,0.0018999999156221747,0.0002999995558639057,0.0009000004865811206,0.004399999852466863,1.1776999999710824
171,d20_u9,neutral,train,20,9,proxy,1,0,0,0,0,0,0,not_invoked,,1,2176,1.169099999970058,0.0020000006770715117,0.0002999995558639057,0.0010000003385357559,0.0045000006139162,1.1807999999291496
172,d20_u10,neutral,train,20,10,proxy,1,0,0,0,0,0,0,not_invoked,,1,2176,1.1783999998442596,0.0018999999156221747,0.00030000046535860747,0.0008999995770864189,0.004300000000512227,1.189900000099442
173,d20_u11,neutral,train,20,11,proxy,1,0,0,0,0,0,0,not_invoked,,1,2176,1.1737000004359288,0.0018999999156221747,0.00030000046535860747,0.0009000004865811206,0.004200000148557592,1.1849000002257526
174,d20_u12,happy,train,20,12,proxy,1,0,0,0,0,0,0,not_invoked,,1,2176,1.1773999995057238,0.002100000529026147,0.00030000046535860747,0.000999999429041054,0.004300000000512227,1.1891000003743102
175,d20_u13,happy,train,20,13,proxy,1,0,0,0,0,0,0,not_invoked,,1,2176,1.2293999998291838,0.002099999619531445,0.00019999970390927047,0.0009000004865811206,0.004499999704421498,1.2412999994921847
176,d20_u14,happy,train,20,14,proxy,1,0,0,0,0,0,0,not_invoked,,1,2176,1.264900000023772,0.0020000006770715117,0.00030000046535860747,0.0010000003385357559,0.004399999852466863,1.2766999998348183
177,d20_u16,neutral,train,20,16,proxy,1,0,0,0,0,0,0,not_invoked,,1,2176,1.170000000456639,0.0018999999156221747,0.0002999995558639057,0.0009000004865811206,0.004499999704421498,1.181699999506236
178,d21_u1,neutral,train,21,1,proxy,1,0,0,0,0,0,0,not_invoked,,1,2176,1.2544000001071254,0.0018999999156221747,0.00020000061340397224,0.0008999995770864189,0.00419999923906289,1.2655000000449945
179,d21_u2,happy,train,21,2,proxy,1,0,0,0,0,0,0,not_invoked,,1,2176,1.0252000001855777,0.0018999999156221747,0.00030000046535860747,0.000999999429041054,0.004400000761961564,1.0368000002927147
180,d21_u4,neutral,train,21,4,proxy,1,0,0,0,0,0,0,not_invoked,,1,2176,1.1892999991687248,0.00199999976757681,0.00030000046535860747,0.0010000003385357559,0.004499999704421498,1.2010999998892657
181,d21_u6,angry,train,21,6,proxy,1,0,0,0,0,0,0,not_invoked,,1,2176,1.2078999998266227,0.0018999999156221747,0.00019999970390927047,0.0008999995770864189,0.00419999923906289,1.2191000005259411
182,d21_u7,neutral,train,21,7,proxy,1,0,0,0,0,0,0,not_invoked,,1,2176,1.1273999998593354,0.0018999999156221747,0.00019999970390927047,0.0010000003385357559,0.004300000000512227,1.138899999205023
183,d21_u9,neutral,train,21,9,proxy,1,0,0,0,0,0,0,not_invoked,,1,2176,1.1171000005560927,0.0018999999156221747,0.00020000061340397224,0.0008999995770864189,0.004499999704421498,1.128699999753735
184,d21_u10,neutral,train,21,10,proxy,1,0,0,0,0,0,0,not_invoked,,1,2176,1.139599999987695,0.002099999619531445,0.00020000061340397224,0.0010000003385357559,0.004499999704421498,1.1515999995026505
185,d21_u12,neutral,train,21,12,proxy,1,0,0,0,0,0,0,not_invoked,,1,2176,1.1447999995652935,0.00199999976757681,0.00030000046535860747,0.0009000004865811206,0.004499999704421498,1.1567000001377892
186,d21_u13,happy,train,21,13,proxy,1,0,0,0,0,0,0,not_invoked,,1,2176,1.2773999997079954,0.0020000006770715117,0.00030000046535860747,0.000999999429041054,0.004399999852466863,1.2891999995190417
187,d22_u1,neutral,train,22,1,proxy,1,0,0,0,0,0,0,not_invoked,,1,2176,1.294699999561999,0.0019000008251168765,0.00019999970390927047,0.0010000003385357559,0.004399999852466863,1.3063000005786307
188,d22_u3,neutral,train,22,3,proxy,1,0,0,0,0,0,0,not_invoked,,1,2176,1.1542000002009445,0.002099999619531445,0.00019999970390927047,0.0008999995770864189,0.004399999852466863,1.1661000007734401
189,d23_u1,angry,train,23,1,proxy,1,0,0,0,0,0,0,not_invoked,,1,2176,1.1358000001564506,0.0018000000636675395,0.00019999970390927047,0.0009000004865811206,0.004300000000512227,1.1472999995021382
190,d23_u3,happy,train,23,3,proxy,1,0,0,0,0,0,0,not_invoked,,1,2176,1.141000000643544,0.0018999999156221747,0.00020000061340397224,0.0008999995770864189,0.004300000000512227,1.1522000004333677
191,d23_u4,neutral,train,23,4,proxy,1,0,0,0,0,0,0,not_invoked,,1,2176,1.13229999988107,0.0018999999156221747,0.00030000046535860747,0.0010000003385357559,0.004300000000512227,1.1438000001362525
192,d23_u5,neutral,train,23,5,proxy,1,0,0,0,0,0,0,not_invoked,,1,2176,1.1905999999726191,0.00199999976757681,0.0002999995558639057,0.0009000004865811206,0.004499999704421498,1.2023999997836654
193,d23_u6,neutral,train,23,6,proxy,1,0,0,0,0,0,0,not_invoked,,1,2176,1.1963999995714403,0.00199999976757681,0.00020000061340397224,0.000999999429041054,0.004399999852466863,1.2078999998266227
194,d23_u7,neutral,train,23,7,proxy,1,0,0,0,0,0,0,not_invoked,,1,2176,1.155799999651208,0.0018999999156221747,0.0002999995558639057,0.000999999429041054,0.004400000761961564,1.1679999997795676
195,d24_u0,neutral,train,24,0,proxy,1,0,0,0,0,0,0,not_invoked,,1,2176,1.1598000000958564,0.0018000000636675395,0.00030000046535860747,0.000999999429041054,0.004300000000512227,1.1709999998856802
196,d24_u1,neutral,train,24,1,proxy,1,0,0,0,0,0,0,not_invoked,,1,2176,1.1789000000135275,0.0018999999156221747,0.00019999970390927047,0.0009000004865811206,0.004399999852466863,1.1905999999726191
197,d24_u2,neutral,train,24,2,proxy,1,0,0,0,0,0,0,not_invoked,,1,2176,1.1961000000155764,0.0018999999156221747,0.00020000061340397224,0.000999999429041054,0.004099999387108255,1.2073000007148948
198,d24_u3,happy,train,24,3,proxy,1,0,0,0,0,0,0,not_invoked,,1,2176,1.1657000004561269,0.002099999619531445,0.0002999995558639057,0.0008999995770864189,0.004400000761961564,1.177799999823037
199,d24_u5,neutral,train,24,5,proxy,1,0,0,0,0,0,0,not_invoked,,1,2176,1.1568999998416984,0.00199999976757681,0.00030000046535860747,0.0010000003385357559,0.004499999704421498,1.1690000001181033
200,d24_u6,neutral,train,24,6,proxy,1,0,0,0,0,0,0,not_invoked,,1,2176,2.014799999415118,0.00199999976757681,0.00030000046535860747,0.0009000004865811206,0.004499999704421498,2.0266999999876134
201,d24_u7,happy,train,24,7,proxy,1,0,0,0,0,0,0,not_invoked,,1,2176,2.013499999520718,0.0020000006770715117,0.0002999995558639057,0.0009000004865811206,0.01880000036180718,2.039400000285241
202,d25_u0,happy,train,25,0,proxy,1,0,0,0,0,0,0,not_invoked,,1,2176,1.16130000060366,0.00199999976757681,0.0002999995558639057,0.0009000004865811206,0.004200000148557592,1.1728999998013023
203,d25_u1,happy,train,25,1,proxy,1,0,0,0,0,0,0,not_invoked,,1,2176,1.1407000001781853,0.00199999976757681,0.00030000046535860747,0.0009000004865811206,0.004099999387108255,1.151899999968009
204,d25_u2,happy,train,25,2,proxy,1,0,0,0,0,0,0,not_invoked,,1,2176,1.146899999184825,0.00199999976757681,0.00030000046535860747,0.0009000004865811206,0.004399999852466863,1.1585000002014567
205,d25_u3,happy,train,25,3,proxy,1,0,0,0,0,0,0,not_invoked,,1,2176,1.1474000002635876,0.00199999976757681,0.00030000046535860747,0.0007999997251317836,0.004200000148557592,1.1586000000534113
206,d25_u4,neutral,train,25,4,proxy,1,0,0,0,0,0,0,not_invoked,,1,2176,1.148599999396538,0.00199999976757681,0.00030000046535860747,0.0008999995770864189,0.004300000000512227,1.1600000007092603
207,d25_u5,neutral,train,25,5,proxy,1,0,0,0,0,0,0,not_invoked,,1,2176,1.1531999998624087,0.0020000006770715117,0.0002999995558639057,0.0010000003385357559,0.004399999852466863,1.1646999992080964
208,d25_u6,neutral,train,25,6,proxy,1,0,0,0,0,0,0,not_invoked,,1,2176,1.1774000004152185,0.00199999976757681,0.00030000046535860747,0.0009000004865811206,0.004300000000512227,1.1887999999089516
209,d25_u7,neutral,train,25,7,proxy,1,0,0,0,0,0,0,not_invoked,,1,2176,1.3226999999460531,0.002100000529026147,0.00030000046535860747,0.0009000004865811206,0.004499999704421498,1.3346999994610087
210,d25_u8,neutral,train,25,8,proxy,1,0,0,0,0,0,0,not_invoked,,1,2176,1.2113000002500485,0.0020000006770715117,0.00020000061340397224,0.0010000003385357559,0.004300000000512227,1.2230000002091401
211,d25_u9,neutral,train,25,9,proxy,1,0,0,0,0,0,0,not_invoked,,1,2176,1.2009000001853565,0.0018999999156221747,0.00019999970390927047,0.0009000004865811206,0.004300000000512227,1.2126999999964028
212,d25_u10,neutral,train,25,10,proxy,1,0,0,0,0,0,0,not_invoked,,1,2176,1.1801999999079271,0.00199999976757681,0.0002999995558639057,0.0009000004865811206,0.004399999852466863,1.1917999991055694
213,d25_u12,neutral,train,25,12,proxy,1,0,0,0,0,0,0,not_invoked,,1,2176,1.132800000050338,0.0018999999156221747,0.00030000046535860747,0.0008999995770864189,0.004300000000512227,1.144100000601611
214,d25_u13,neutral,train,25,13,proxy,1,0,0,0,0,0,0,not_invoked,,1,2176,1.1513999997987412,0.0018999999156221747,0.00030000046535860747,0.0010000003385357559,0.004300000000512227,1.1629999999058782
215,d26_u1,neutral,train,26,1,proxy,1,0,0,0,0,0,0,not_invoked,,1,2176,1.2215000006108312,0.00199999976757681,0.0002999995558639057,0.0010000003385357559,0.004200000148557592,1.2330999998084735
216,d26_u3,neutral,train,26,3,proxy,1,0,0,0,0,0,0,not_invoked,,1,2176,1.1921000004804228,0.002100000529026147,0.0002999995558639057,0.0008999995770864189,0.004399999852466863,1.2038000004395144
217,d26_u4,neutral,train,26,4,proxy,1,0,0,0,0,0,0,not_invoked,,1,2176,1.1801999999079271,0.00199999976757681,0.00019999970390927047,0.0009000004865811206,0.004399999852466863,1.1915999994016602
218,d26_u5,happy,train,26,5,proxy,1,0,0,0,0,0,0,not_invoked,,1,2176,1.2216000004627858,0.00199999976757681,0.00030000046535860747,0.0009000004865811206,0.004499999704421498,1.2332999995123828
219,d26_u6,happy,train,26,6,proxy,1,0,0,0,0,0,0,not_invoked,,1,2176,1.0930999997071922,0.0018999999156221747,0.0002999995558639057,0.0008999995770864189,0.004300000000512227,1.10450000011042
220,d26_u7,happy,train,26,7,proxy,1,0,0,0,0,0,0,not_invoked,,1,2176,1.2432000003173016,0.002100000529026147,0.00020000061340397224,0.0008999995770864189,0.0045000006139162,1.2550999999803025
221,d26_u8,neutral,train,26,8,proxy,1,0,0,0,0,0,0,not_invoked,,1,2176,1.176599999780592,0.002099999619531445,0.00030000046535860747,0.0008999995770864189,0.004300000000512227,1.2040999999953783
222,d26_u9,neutral,train,26,9,proxy,1,0,0,0,0,0,0,not_invoked,,1,2176,1.1629000000539236,0.002099999619531445,0.00020000061340397224,0.000999999429041054,0.004499999704421498,1.1746999998649699
223,d26_u10,neutral,train,26,10,proxy,1,0,0,0,0,0,0,not_invoked,,1,2176,1.196400000480935,0.0018999999156221747,0.00019999970390927047,0.0010000003385357559,0.004399999852466863,1.2078999998266227
224,d26_u11,sad,train,26,11,proxy,1,0,0,0,0,0,0,not_invoked,,1,2176,1.3400000007095514,0.0018999999156221747,0.00020000061340397224,0.0008999995770864189,0.004399999852466863,1.351500000055239
225,d26_u12,neutral,train,26,12,proxy,1,0,0,0,0,0,0,not_invoked,,1,2176,1.4042000002518762,0.0019000008251168765,0.00019999970390927047,0.000999999429041054,0.004400000761961564,1.4159000002109678
226,d26_u13,neutral,train,26,13,proxy,1,0,0,0,0,0,0,not_invoked,,1,2176,1.2040999999953783,0.002100000529026147,0.0002999995558639057,0.000999999429041054,0.0045000006139162,1.2161000004198286
227,d27_u0,sad,train,27,0,proxy,1,0,0,0,0,0,0,not_invoked,,1,2176,1.1402000000089174,0.0018999999156221747,0.00019999970390927047,0.0010000003385357559,0.004300000000512227,1.1515999995026505
228,d27_u1,happy,train,27,1,proxy,1,0,0,0,0,0,0,not_invoked,,1,2176,1.1698999996951898,0.0020000006770715117,0.00020000061340397224,0.0008999995770864189,0.004399999852466863,1.1818000002676854
229,d28_u0,angry,train,28,0,proxy,1,0,0,0,0,0,0,not_invoked,,1,2176,1.171700000668352,0.00199999976757681,0.00019999970390927047,0.0010000003385357559,0.004300000000512227,1.1832000000140397
230,d28_u1,angry,train,28,1,proxy,1,0,0,0,0,0,0,not_invoked,,1,2176,1.158199999736098,0.002099999619531445,0.00019999970390927047,0.0009000004865811206,0.004499999704421498,1.170099999399099
231,d28_u2,angry,train,28,2,proxy,1,0,0,0,0,0,0,not_invoked,,1,2176,1.1825999999928172,0.0018999999156221747,0.00019999970390927047,0.0008999995770864189,0.004200000148557592,1.1940999993385049
232,d28_u3,happy,train,28,3,proxy,1,0,0,0,0,0,0,not_invoked,,1,2176,1.2632999996640137,0.002099999619531445,0.00030000046535860747,0.0009000004865811206,0.004200000148557592,1.2749999996231054
233,d28_u5,happy,train,28,5,proxy,1,0,0,0,0,0,0,not_invoked,,1,2176,1.2070000002495362,0.00199999976757681,0.0002999995558639057,0.0008999995770864189,0.004499999704421498,1.2189999997644918
234,d28_u7,sad,train,28,7,proxy,1,0,0,0,0,0,0,not_invoked,,1,2176,1.2936000002810033,0.0018999999156221747,0.00019999970390927047,0.000999999429041054,0.004300000000512227,1.304800000070827
235,d29_u1,happy,train,29,1,proxy,1,0,0,0,0,0,0,not_invoked,,1,2176,1.059200000781857,0.0018999999156221747,0.00019999970390927047,0.0009000004865811206,0.004399999852466863,1.0709999996834085
236,d29_u2,neutral,train,29,2,proxy,1,0,0,0,0,0,0,not_invoked,,1,2176,1.1655999996946775,0.0018999999156221747,0.00030000046535860747,0.0009000004865811206,0.004599999556376133,1.1774999993576785
237,d29_u3,happy,train,29,3,proxy,1,0,0,0,0,0,0,not_invoked,,1,2176,1.170000000456639,0.0018999999156221747,0.00030000046535860747,0.0152000002344721,0.004399999852466863,1.1957999995502178
238,d29_u6,angry,train,29,6,proxy,1,0,0,0,0,0,0,not_invoked,,1,2176,1.1632000005192822,0.00199999976757681,0.00019999970390927047,0.0010000003385357559,0.004300000000512227,1.1747999997169245
239,d29_u7,angry,train,29,7,proxy,1,0,0,0,0,0,0,not_invoked,,1,2176,1.149700000496523,0.00199999976757681,0.00020000061340397224,0.0008999995770864189,0.004300000000512227,1.1610000001383014
240,d29_u8,angry,train,29,8,proxy,1,0,0,0,0,0,0,not_invoked,,1,2176,1.192300000184332,0.0020000006770715117,0.0002999995558639057,0.0008999995770864189,0.0045000006139162,1.204199999847333
241,d29_u9,neutral,train,29,9,proxy,1,0,0,0,0,0,0,not_invoked,,1,2176,1.1926000006496906,0.00199999976757681,0.00030000046535860747,0.0008999995770864189,0.004399999852466863,1.2040999999953783
242,d29_u10,angry,train,29,10,proxy,1,0,0,0,0,0,0,not_invoked,,1,2176,1.1515000005601905,0.0018999999156221747,0.00030000046535860747,0.000999999429041054,0.00419999923906289,1.1629000000539236
243,d29_u11,angry,train,29,11,proxy,1,0,0,0,0,0,0,not_invoked,,1,2176,1.1958999994021724,0.00199999976757681,0.00020000061340397224,0.0008999995770864189,0.004499999704421498,1.2077000001227134
244,d29_u13,neutral,train,29,13,proxy,1,0,0,0,0,0,0,not_invoked,,1,2176,1.1847999994643033,0.00199999976757681,0.00030000046535860747,0.0009000004865811206,0.004399999852466863,1.1965000003328896
245,d30_u0,neutral,train,30,0,proxy,1,0,0,0,0,0,0,not_invoked,,1,2176,1.1580999998841435,0.00199999976757681,0.00020000061340397224,0.0008999995770864189,0.004399999852466863,1.1696999999912805
246,d30_u1,happy,train,30,1,proxy,1,0,0,0,0,0,0,not_invoked,,1,2176,1.1504000003697001,0.0020000006770715117,0.00030000046535860747,0.0008999995770864189,0.004300000000512227,1.1622000001807464
247,d30_u2,neutral,train,30,2,proxy,1,0,0,0,0,0,0,not_invoked,,1,2176,1.175899999907415,0.002100000529026147,0.00030000046535860747,0.0008999995770864189,0.004399999852466863,1.1877999995704158
248,d30_u3,neutral,train,30,3,proxy,1,0,0,0,0,0,0,not_invoked,,1,2176,1.1844999999084393,0.00199999976757681,0.0002999995558639057,0.0009000004865811206,0.004300000000512227,1.195900000311667
249,d30_u4,angry,train,30,4,proxy,1,0,0,0,0,0,0,not_invoked,,1,2176,1.1391999996703817,0.002100000529026147,0.0002999995558639057,0.0008999995770864189,0.004200000148557592,1.1508000006870134
250,d30_u6,angry,train,30,6,proxy,1,0,0,0,0,0,0,not_invoked,,1,2176,1.2460999996619648,0.0018999999156221747,0.0004000003173132427,0.0009000004865811206,0.004499999704421498,1.2577999996210565
251,d30_u8,neutral,train,30,8,proxy,1,0,0,0,0,0,0,not_invoked,,1,2176,1.2435999997251201,0.0018999999156221747,0.0002999995558639057,0.000999999429041054,0.004399999852466863,1.2550999999803025
252,d30_u9,neutral,train,30,9,proxy,1,0,0,0,0,0,0,not_invoked,,1,2176,1.1496999995870283,0.00199999976757681,0.00020000061340397224,0.0008999995770864189,0.004300000000512227,1.16130000060366
253,d30_u10,neutral,train,30,10,proxy,1,0,0,0,0,0,0,not_invoked,,1,2176,1.1474000002635876,0.0018999999156221747,0.00030000046535860747,0.0010000003385357559,0.004200000148557592,1.158699999905366
254,d30_u12,neutral,train,30,12,proxy,1,0,0,0,0,0,0,not_invoked,,1,2176,1.1217000001124688,0.0018000000636675395,0.0002999995558639057,0.0009000004865811206,0.004599999556376133,1.1338000003888737
255,d30_u13,neutral,train,30,13,proxy,1,0,0,0,0,0,0,not_invoked,,1,2176,1.1266999999861582,0.0020000006770715117,0.00019999970390927047,0.000999999429041054,0.004300000000512227,1.138100000389386
256,d30_u14,angry,train,30,14,proxy,1,0,0,0,0,0,0,not_invoked,,1,2176,1.1747000007744646,0.0018000000636675395,0.00020000061340397224,0.0010000003385357559,0.004599999556376133,1.1864999996760162
257,d31_u0,neutral,train,31,0,proxy,1,0,0,0,0,0,0,not_invoked,,1,2176,1.1755000004995964,0.0018999999156221747,0.00030000046535860747,0.0008999995770864189,0.004400000761961564,1.186999999845284
258,d31_u1,neutral,train,31,1,proxy,1,0,0,0,0,0,0,not_invoked,,1,2176,1.1796999997386592,0.00199999976757681,0.00030000046535860747,0.0010000003385357559,0.004499999704421498,1.1917000001631095
259,d31_u2,neutral,train,31,2,proxy,1,0,0,0,0,0,0,not_invoked,,1,2176,1.1838999998872168,0.0020000006770715117,0.0002999995558639057,0.0010000003385357559,0.004399999852466863,1.1954999999943539
260,d31_u3,neutral,train,31,3,proxy,1,0,0,0,0,0,0,not_invoked,,1,2176,1.2102999999115127,0.0018999999156221747,0.00030000046535860747,0.0009000004865811206,0.004399999852466863,1.2219000000186497
261,d32_u1,neutral,train,32,1,proxy,1,0,0,0,0,0,0,not_invoked,,1,2176,1.206300000376359,0.0018999999156221747,0.00030000046535860747,0.0008999995770864189,0.004400000761961564,1.2176000000181375
262,d32_u3,neutral,train,32,3,proxy,1,0,0,0,0,0,0,not_invoked,,1,2176,1.1469999999462743,0.0018999999156221747,0.00030000046535860747,0.0008999995770864189,0.004699999408330768,1.1590000003707246
263,d32_u5,neutral,train,32,5,proxy,1,0,0,0,0,0,0,not_invoked,,1,2176,1.1474000002635876,0.0020000006770715117,0.0002999995558639057,0.000999999429041054,0.004300000000512227,1.1588999996092753
264,d32_u8,neutral,train,32,8,proxy,1,0,0,0,0,0,0,not_invoked,,1,2176,1.1199000000488013,0.00199999976757681,0.0002999995558639057,0.0009000004865811206,0.004099999387108255,1.1309999999866704
265,d32_u10,happy,train,32,10,proxy,1,0,0,0,0,0,0,not_invoked,,1,2176,1.1423000005379436,0.0018999999156221747,0.00030000046535860747,0.0010000003385357559,0.004599999556376133,1.1543000000528991
266,d32_u11,happy,train,32,11,proxy,1,0,0,0,0,0,0,not_invoked,,1,2176,1.0978999998769723,0.0018999999156221747,0.0002999995558639057,0.0008999995770864189,0.004200000148557592,1.10939999922266
267,d32_u12,angry,train,32,12,proxy,1,0,0,0,0,0,0,not_invoked,,1,2176,1.1439999998401618,0.0018999999156221747,0.00019999970390927047,0.0010000003385357559,0.004200000148557592,1.1554000002433895
268,d32_u13,angry,train,32,13,proxy,1,0,0,0,0,0,0,not_invoked,,1,2176,1.104200000554556,0.0018999999156221747,0.00030000046535860747,0.0009000004865811206,0.004100000296602957,1.1155000001963344
269,d32_u14,angry,train,32,14,proxy,1,0,0,0,0,0,0,not_invoked,,1,2176,1.1711000006471295,0.0018999999156221747,0.00030000046535860747,0.0009000004865811206,0.004399999852466863,1.1825999999928172
270,d32_u15,neutral,train,32,15,proxy,1,0,0,0,0,0,0,not_invoked,,1,2176,1.2367999997877632,0.0018999999156221747,0.00030000046535860747,0.0008999995770864189,0.00419999923906289,1.2480000004870817
271,d32_u16,neutral,train,32,16,proxy,1,0,0,0,0,0,0,not_invoked,,1,2176,1.2539999997898121,0.0018999999156221747,0.0002999995558639057,0.0009000004865811206,0.004399999852466863,1.2653999992835452
272,d32_u18,neutral,train,32,18,proxy,1,0,0,0,0,0,0,not_invoked,,1,2176,1.1168999999426887,0.0018000000636675395,0.00020000061340397224,0.0010000003385357559,0.004200000148557592,1.1281000006420072
273,d33_u1,happy,train,33,1,proxy,1,0,0,0,0,0,0,not_invoked,,1,2176,1.0829000002559042,0.0018999999156221747,0.0002999995558639057,0.0009000004865811206,0.004300000000512227,1.0942999997496372
274,d33_u2,neutral,train,33,2,proxy,1,0,0,0,0,0,0,not_invoked,,1,2176,1.1495999997350737,0.0018000000636675395,0.0002999995558639057,0.000999999429041054,0.004200000148557592,1.1607999995248974
275,d33_u3,neutral,train,33,3,proxy,1,0,0,0,0,0,0,not_invoked,,1,2176,1.1300999995000893,0.00199999976757681,0.00020000061340397224,0.0008999995770864189,0.004400000761961564,1.141700000516721
276,d33_u5,neutral,train,33,5,proxy,1,0,0,0,0,0,0,not_invoked,,1,2176,1.1871999995491933,0.0018000000636675395,0.00019999970390927047,0.0010000003385357559,0.004399999852466863,1.198899999508285
277,d33_u6,neutral,train,33,6,proxy,1,0,0,0,0,0,0,not_invoked,,1,2176,1.0666999996828963,0.0018999999156221747,0.0002999995558639057,0.0010000003385357559,0.004200000148557592,1.07789999947272
278,d33_u7,neutral,train,33,7,proxy,1,0,0,0,0,0,0,not_invoked,,1,2176,1.1519999998199637,0.0018999999156221747,0.00030000046535860747,0.0008999995770864189,0.004300000000512227,1.163500000075146
279,d33_u8,happy,train,33,8,proxy,1,0,0,0,0,0,0,not_invoked,,1,2176,1.1538999997355859,0.00199999976757681,0.00019999970390927047,0.000999999429041054,0.004300000000512227,1.1651999993773643
280,d33_u9,happy,train,33,9,proxy,1,0,0,0,0,0,0,not_invoked,,1,2176,1.2679000001298846,0.0018000000636675395,0.0002999995558639057,0.0008999995770864189,0.004100000296602957,1.2785999997504405
281,d33_u10,neutral,train,33,10,proxy,1,0,0,0,0,0,0,not_invoked,,1,2176,1.2611000001925277,0.0018999999156221747,0.0002999995558639057,0.0007999997251317836,0.004100000296602957,1.2718999996650382
282,d34_u0,neutral,train,34,0,proxy,1,0,0,0,0,0,0,not_invoked,,1,2176,1.1902000005648006,0.0020000006770715117,0.00019999970390927047,0.0009000004865811206,0.004200000148557592,1.2016000000585336
283,d34_u1,neutral,train,34,1,proxy,1,0,0,0,0,0,0,not_invoked,,1,2176,1.1968999997407082,0.0018999999156221747,0.00019999970390927047,0.0009000004865811206,0.004300000000512227,1.2081999993824866
284,d34_u2,neutral,train,34,2,proxy,1,0,0,0,0,0,0,not_invoked,,1,2176,1.1350999993737787,0.0018999999156221747,0.00030000046535860747,0.0008999995770864189,0.004399999852466863,1.1467000003904104
285,d34_u3,happy,train,34,3,proxy,1,0,0,0,0,0,0,not_invoked,,1,2176,1.1383000000932952,0.00199999976757681,0.00030000046535860747,0.0009000004865811206,0.004300000000512227,1.1495999997350737
286,d34_u4,neutral,train,34,4,proxy,1,0,0,0,0,0,0,not_invoked,,1,2176,1.098900000215508,0.0018999999156221747,0.00030000046535860747,0.0008999995770864189,0.004200000148557592,1.1100999990958371
287,d34_u5,neutral,train,34,5,proxy,1,0,0,0,0,0,0,not_invoked,,1,2176,1.1335999997754698,0.0020000006770715117,0.0002999995558639057,0.0008999995770864189,0.004399999852466863,1.1451000000306522
288,d34_u6,neutral,train,34,6,proxy,1,0,0,0,0,0,0,not_invoked,,1,2176,1.1022000007869792,0.0018000000636675395,0.00030000046535860747,0.0008999995770864189,0.004300000000512227,1.1135000004287576
289,d34_u7,neutral,train,34,7,proxy,1,0,0,0,0,0,0,not_invoked,,1,2176,1.1510000003909227,0.0018000000636675395,0.0002999995558639057,0.0008999995770864189,0.004300000000512227,1.162099999419297
290,d34_u8,neutral,train,34,8,proxy,1,0,0,0,0,0,0,not_invoked,,1,2176,1.0767999992822297,0.0018999999156221747,0.0002999995558639057,0.0008000006346264854,0.004099999387108255,1.0876000005737296
291,d34_u10,neutral,train,34,10,proxy,1,0,0,0,0,0,0,not_invoked,,1,2176,1.0952000002362183,0.0018000000636675395,0.00030000046535860747,0.0008999995770864189,0.00419999923906289,1.1061000004701782
292,d34_u11,neutral,train,34,11,proxy,1,0,0,0,0,0,0,not_invoked,,1,2176,1.1362000004737638,0.0018999999156221747,0.00030000046535860747,0.0007999997251317836,0.004300000000512227,1.1472999995021382
293,d34_u12,neutral,train,34,12,proxy,1,0,0,0,0,0,0,not_invoked,,1,2176,1.1351000002832734,0.00199999976757681,0.00030000046535860747,0.0008999995770864189,0.004399999852466863,1.1464999997770065
294,d35_u1,happy,train,35,1,proxy,1,0,0,0,0,0,0,not_invoked,,1,2176,1.1187000000063563,0.0018999999156221747,0.00030000046535860747,0.0007999997251317836,0.004300000000512227,1.1297999999442254
295,d35_u2,happy,train,35,2,proxy,1,0,0,0,0,0,0,not_invoked,,1,2176,1.1987999996563303,0.0020000006770715117,0.00019999970390927047,0.0008999995770864189,0.004300000000512227,1.2105000005249167
296,d35_u3,happy,train,35,3,proxy,1,0,0,0,0,0,0,not_invoked,,1,2176,1.0665999998309417,0.0019000008251168765,0.0002999995558639057,0.0008999995770864189,0.004300000000512227,1.07789999947272
297,d35_u4,happy,train,35,4,proxy,1,0,0,0,0,0,0,not_invoked,,1,2176,1.1237999997320003,0.0018999999156221747,0.00030000046535860747,0.0010000003385357559,0.004200000148557592,1.1352999999871827
298,d35_u5,happy,train,35,5,proxy,1,0,0,0,0,0,0,not_invoked,,1,2176,1.1063000001740875,0.00199999976757681,0.00030000046535860747,0.0010000003385357559,0.004200000148557592,1.1175999998158659
299,d36_u0,neutral,train,36,0,proxy,1,0,0,0,0,0,0,not_invoked,,1,2176,1.1543000000528991,0.002100000529026147,0.00019999970390927047,0.0008999995770864189,0.004399999852466863,1.1662000006253948
300,d36_u1,neutral,train,36,1,proxy,1,0,0,0,0,0,0,not_invoked,,1,2176,1.1230000000068685,0.0018000000636675395,0.00019999970390927047,0.0008999995770864189,0.0039000005926936865,1.1334000000715605
301,d36_u2,neutral,train,36,2,proxy,1,0,0,0,0,0,0,not_invoked,,1,2176,1.0751999998319661,0.0018999999156221747,0.00020000061340397224,0.0007999997251317836,0.0039000005926936865,1.085800000510062
302,d36_u3,neutral,train,36,3,proxy,1,0,0,0,0,0,0,not_invoked,,1,2176,1.0337000003346475,0.0017000002117129043,0.00019999970390927047,0.0009000004865811206,0.0038999996831989847,1.0438999997859355
303,d36_u4,sad,train,36,4,proxy,1,0,0,0,0,0,0,not_invoked,,1,2176,0.9904999997161212,0.0017000002117129043,0.0002999995558639057,0.0009000004865811206,0.0038999996831989847,1.0010999994847225
304,d36_u5,sad,train,36,5,proxy,1,0,0,0,0,0,0,not_invoked,,1,2176,0.981099999989965,0.0018000000636675395,0.00020000061340397224,0.0008999995770864189,0.0036999999792897142,0.9914000002027024
305,d37_u0,neutral,train,37,0,proxy,1,0,0,0,0,0,0,not_invoked,,1,2176,1.029999999445863,0.0016999993022182025,0.00030000046535860747,0.0009000004865811206,0.0038999996831989847,1.040600000123959
306,d37_u1,happy,train,37,1,proxy,1,0,0,0,0,0,0,not_invoked,,1,2176,1.291000000492204,0.0018000000636675395,0.00019999970390927047,0.0007999997251317836,0.0038999996831989847,1.3010000002395827
307,d37_u2,happy,train,37,2,proxy,1,0,0,0,0,0,0,not_invoked,,1,2176,1.2502000008680625,0.0018000000636675395,0.00019999970390927047,0.0009000004865811206,0.0038999996831989847,1.2606999998752144
308,d38_u0,angry,train,38,0,proxy,1,0,0,0,0,0,0,not_invoked,,1,2176,1.252300000487594,0.0018000000636675395,0.0002999995558639057,0.0008000006346264854,0.00399999953515362,1.2629000002561952
309,d38_u1,neutral,train,38,1,proxy,1,0,0,0,0,0,0,not_invoked,,1,2176,1.2286999999560066,0.0018000000636675395,0.00030000046535860747,0.0007999997251317836,0.004000000444648322,1.2391999998726533
310,d38_u2,happy,train,38,2,proxy,1,0,0,0,0,0,0,not_invoked,,1,2176,1.0787999999593012,0.0016999993022182025,0.00030000046535860747,0.0008999995770864189,0.0038999996831989847,1.089000000320084
311,d38_u3,neutral,train,38,3,proxy,1,0,0,0,0,0,0,not_invoked,,1,2176,1.0671000000002095,0.0018000000636675395,0.00030000046535860747,0.0008999995770864189,0.00399999953515362,1.0777999996207654
312,d38_u5,neutral,train,38,5,proxy,1,0,0,0,0,0,0,not_invoked,,1,2176,1.1180000001331791,0.0018000000636675395,0.0002999995558639057,0.0007999997251317836,0.004000000444648322,1.128699999753735
313,d38_u6,angry,train,38,6,proxy,1,0,0,0,0,0,0,not_invoked,,1,2176,1.084900000023481,0.0018000000636675395,0.00020000061340397224,0.0007999997251317836,0.004099999387108255,1.0957000004054862
314,d39_u0,angry,train,39,0,proxy,1,0,0,0,0,0,0,not_invoked,,1,2176,0.9533000002193148,0.0018000000636675395,0.0002999995558639057,0.0009000004865811206,0.00399999953515362,0.9638999999879161
315,d39_u1,angry,train,39,1,proxy,1,0,0,0,0,0,0,not_invoked,,1,2176,0.9928999998010113,0.0018999999156221747,0.0002999995558639057,0.0007999997251317836,0.00399999953515362,1.003600000331062
316,d39_u3,angry,train,39,3,proxy,1,0,0,0,0,0,0,not_invoked,,1,2176,0.9939999999915017,0.0017999991541728377,0.00020000061340397224,0.0008999995770864189,0.0038000007407390513,1.004300000204239
317,d39_u4,angry,train,39,4,proxy,1,0,0,0,0,0,0,not_invoked,,1,2176,0.9921999999278341,0.0017999991541728377,0.00030000046535860747,0.0008999995770864189,0.0038999996831989847,1.0025000001405715
318,d39_u5,angry,train,39,5,proxy,1,0,0,0,0,0,0,not_invoked,,1,2176,1.0196000002906658,0.0017000002117129043,0.0002999995558639057,0.0009000004865811206,0.00399999953515362,1.030200000059267
319,d39_u6,angry,train,39,6,proxy,1,0,0,0,0,0,0,not_invoked,,1,2176,1.00289999954839,0.0016999993022182025,0.00020000061340397224,0.0007999997251317836,0.004200000148557592,1.013500000226486
320,d39_u7,happy,train,39,7,proxy,1,0,0,0,0,0,0,not_invoked,,1,2176,1.017399999909685,0.0018000000636675395,0.0002999995558639057,0.0008000006346264854,0.004100000296602957,1.0281000004397356
321,d39_u8,neutral,train,39,8,proxy,1,0,0,0,0,0,0,not_invoked,,1,2176,1.040899999679823,0.0018000000636675395,0.00030000046535860747,0.0007999997251317836,0.004099999387108255,1.0515999993003788
322,d39_u9,neutral,train,39,9,proxy,1,0,0,0,0,0,0,not_invoked,,1,2176,1.0417000003144494,0.0018000000636675395,0.00019999970390927047,0.0009000004865811206,0.0038999996831989847,1.0521999993216014
323,d39_u11,neutral,train,39,11,proxy,1,0,0,0,0,0,0,not_invoked,,1,2176,1.0467000001881388,0.0017000002117129043,0.00019999970390927047,0.0009000004865811206,0.0037999998312443495,1.0568999996394268
324,d39_u12,neutral,train,39,12,proxy,1,0,0,0,0,0,0,not_invoked,,1,2176,0.9692000003269641,0.0017000002117129043,0.00020000061340397224,0.0008999995770864189,0.0037999998312443495,0.9794999996302067
325,d39_u13,neutral,train,39,13,proxy,1,0,0,0,0,0,0,not_invoked,,1,2176,0.9727999995448045,0.0017000002117129043,0.0002999995558639057,0.0009000004865811206,0.00399999953515362,0.9834000002229004
326,d39_u14,neutral,train,39,14,proxy,1,0,0,0,0,0,0,not_invoked,,1,2176,1.0841999992408091,0.0017000002117129043,0.0002999995558639057,0.0008999995770864189,0.0038999996831989847,1.0944000005110865
327,d39_u15,angry,train,39,15,proxy,1,0,0,0,0,0,0,not_invoked,,1,2176,1.0652000000845874,0.0018000000636675395,0.00019999970390927047,0.0008999995770864189,0.004100000296602957,1.0758999997051433
328,d39_u16,angry,train,39,16,proxy,1,0,0,0,0,0,0,not_invoked,,1,2176,1.088500000150816,0.0017000002117129043,0.00020000061340397224,0.0008999995770864189,0.004200000148557592,1.0996000000886852
329,d39_u17,angry,train,39,17,proxy,1,0,0,0,0,0,0,not_invoked,,1,2176,1.0525999996389146,0.0017000002117129043,0.00030000046535860747,0.0008999995770864189,0.0038999996831989847,1.0634000000209198
330,d39_u18,angry,train,39,18,proxy,1,0,0,0,0,0,0,not_invoked,,1,2176,1.0115000004589092,0.0017000002117129043,0.0002999995558639057,0.0009000004865811206,0.0037999998312443495,1.0217999997621519
331,d40_u0,angry,train,40,0,proxy,1,0,0,0,0,0,0,not_invoked,,1,2176,1.05009999970207,0.0018000000636675395,0.00030000046535860747,0.0007999997251317836,0.004000000444648322,1.0607000003801659
332,d40_u1,angry,train,40,1,proxy,1,0,0,0,0,0,0,not_invoked,,1,2176,1.0637000004862784,0.0017000002117129043,0.00019999970390927047,0.0009000004865811206,0.0038999996831989847,1.0741999994934304
333,d40_u2,neutral,train,40,2,proxy,1,0,0,0,0,0,0,not_invoked,,1,2176,1.0180999997828621,0.0018000000636675395,0.00019999970390927047,0.0009000004865811206,0.004200000148557592,1.0290999998687766
334,d40_u3,neutral,train,40,3,proxy,1,0,0,0,0,0,0,not_invoked,,1,2176,0.9589000001142267,0.0017000002117129043,0.0002999995558639057,0.0008000006346264854,0.0038999996831989847,0.969499999882828
335,d40_u4,neutral,train,40,4,proxy,1,0,0,0,0,0,0,not_invoked,,1,2176,1.3186000005589449,0.002200000380980782,0.00030000046535860747,0.001100000190490391,0.004800000169780105,1.3527999999496387
336,d40_u5,neutral,train,40,5,proxy,1,0,0,0,0,0,0,not_invoked,,1,2176,1.3603000006696675,0.0018000000636675395,0.00030000046535860747,0.0008999995770864189,0.004099999387108255,1.3714999995499966
337,d40_u6,happy,train,40,6,proxy,1,0,0,0,0,0,0,not_invoked,,1,2176,1.3092999997752486,0.0018999999156221747,0.00019999970390927047,0.0008999995770864189,0.004499999704421498,1.3212000003477442
338,d40_u7,neutral,train,40,7,proxy,1,0,0,0,0,0,0,not_invoked,,1,2176,1.2524000003395486,0.0017000002117129043,0.00020000061340397224,0.0008999995770864189,0.00399999953515362,1.284500000110711
339,d40_u10,neutral,train,40,10,proxy,1,0,0,0,0,0,0,not_invoked,,1,2176,1.1373000006642542,0.0018000000636675395,0.00019999970390927047,0.0009000004865811206,0.0038999996831989847,1.1479000004328554
340,d40_u12,happy,train,40,12,proxy,1,0,0,0,0,0,0,not_invoked,,1,2176,1.1450000001786975,0.0018999999156221747,0.00019999970390927047,0.0007999997251317836,0.004100000296602957,1.1558999995031627
341,d40_u13,sad,train,40,13,proxy,1,0,0,0,0,0,0,not_invoked,,1,2176,1.0421999995742226,0.0016999993022182025,0.00030000046535860747,0.0008999995770864189,0.00419999923906289,1.0529999999562278
342,d40_u14,sad,train,40,14,proxy,1,0,0,0,0,0,0,not_invoked,,1,2176,1.1386999995011138,0.0016999993022182025,0.00019999970390927047,0.0008999995770864189,0.004100000296602957,1.1493000001792097
343,d41_u0,sad,train,41,0,proxy,1,0,0,0,0,0,0,not_invoked,,1,2176,1.0216999999101972,0.0018000000636675395,0.00030000046535860747,0.0007999997251317836,0.004200000148557592,1.0324999993827078
344,d41_u2,neutral,train,41,2,proxy,1,0,0,0,0,0,0,not_invoked,,1,2176,0.9774999998626299,0.0017000002117129043,0.0002999995558639057,0.0007999997251317836,0.004000000444648322,0.9878999999273219
345,d41_u3,neutral,train,41,3,proxy,1,0,0,0,0,0,0,not_invoked,,1,2176,1.0134000003745314,0.0018000000636675395,0.0002999995558639057,0.0008999995770864189,0.004000000444648322,1.0240000001431326
346,d41_u4,neutral,train,41,4,proxy,1,0,0,0,0,0,0,not_invoked,,1,2176,1.1114999997516861,0.0016999993022182025,0.00020000061340397224,0.0008999995770864189,0.0039000005926936865,1.1219999996683327
347,d41_u6,neutral,train,41,6,proxy,1,0,0,0,0,0,0,not_invoked,,1,2176,1.0864000005312846,0.0018999999156221747,0.00030000046535860747,0.0008999995770864189,0.004000000444648322,1.0972000000037951
348,d41_u7,neutral,train,41,7,proxy,1,0,0,0,0,0,0,not_invoked,,1,2176,1.0276000002704677,0.0018000000636675395,0.00030000046535860747,0.0007999997251317836,0.0039000005926936865,1.037900000483205
349,d41_u8,neutral,train,41,8,proxy,1,0,0,0,0,0,0,not_invoked,,1,2176,1.0597999998935848,0.0017999991541728377,0.00030000046535860747,0.0007999997251317836,0.004200000148557592,1.070399999662186
350,d41_u9,neutral,train,41,9,proxy,1,0,0,0,0,0,0,not_invoked,,1,2176,1.2343000007604132,0.0017000002117129043,0.0002999995558639057,0.0007999997251317836,0.004100000296602957,1.2451000002329238
351,d41_u10,neutral,train,41,10,proxy,1,0,0,0,0,0,0,not_invoked,,1,2176,1.2036000007356051,0.0018000000636675395,0.00019999970390927047,0.0009000004865811206,0.004000000444648322,1.2142000005042064
352,d41_u11,neutral,train,41,11,proxy,1,0,0,0,0,0,0,not_invoked,,1,2176,1.0641999997460516,0.0018000000636675395,0.0002999995558639057,0.0009000004865811206,0.004100000296602957,1.0752000007414608
353,d41_u13,neutral,train,41,13,proxy,1,0,0,0,0,0,0,not_invoked,,1,2176,1.0717000004660804,0.0017000002117129043,0.00019999970390927047,0.0008999995770864189,0.019699999938893598,1.0981999994328362
354,d42_u0,neutral,train,42,0,proxy,1,0,0,0,0,0,0,not_invoked,,1,2176,1.3499000006049755,0.0017000002117129043,0.00019999970390927047,0.0007999997251317836,0.0037999998312443495,1.360000000204309
355,d43_u0,neutral,train,43,0,proxy,1,0,0,0,0,0,0,not_invoked,,1,2176,1.3908999999330263,0.0018000000636675395,0.00020000061340397224,0.0008999995770864189,0.004000000444648322,1.401399999849673
356,d43_u1,neutral,train,43,1,proxy,1,0,0,0,0,0,0,not_invoked,,1,2176,1.078100000086124,0.0018000000636675395,0.0002999995558639057,0.0007999997251317836,0.004000000444648322,1.0886999998547253
357,d43_u2,neutral,train,43,2,proxy,1,0,0,0,0,0,0,not_invoked,,1,2176,1.072099999873899,0.0018000000636675395,0.0002999995558639057,0.0009000004865811206,0.00399999953515362,1.0829000002559042
358,d43_u3,neutral,train,43,3,proxy,1,0,0,0,0,0,0,not_invoked,,1,2176,1.0830999999598134,0.0018000000636675395,0.00019999970390927047,0.0009000004865811206,0.0037999998312443495,1.09359999987646
359,d43_u4,neutral,train,43,4,proxy,1,0,0,0,0,0,0,not_invoked,,1,2176,1.050799999575247,0.0016999993022182025,0.00030000046535860747,0.0008999995770864189,0.004000000444648322,1.0615999999572523
360,d43_u5,neutral,train,43,5,proxy,1,0,0,0,0,0,0,not_invoked,,1,2176,1.1738999992303434,0.002099999619531445,0.0002999995558639057,0.0009000004865811206,0.004399999852466863,1.2004999998680432
361,d43_u6,neutral,train,43,6,proxy,1,0,0,0,0,0,0,not_invoked,,1,2176,1.1633999993136968,0.0018000000636675395,0.00019999970390927047,0.0009000004865811206,0.004099999387108255,1.174100000753242
362,d44_u0,neutral,train,44,0,proxy,1,0,0,0,0,0,0,not_invoked,,1,2176,1.0191999999733525,0.0017000002117129043,0.00030000046535860747,0.0008999995770864189,0.004000000444648322,1.0296000000380445
363,d44_u2,neutral,train,44,2,proxy,1,0,0,0,0,0,0,not_invoked,,1,2176,1.0541999999986729,0.0018000000636675395,0.00019999970390927047,0.0009000004865811206,0.004100000296602957,1.0649000005287235
364,d45_u0,sad,train,45,0,proxy,1,0,0,0,0,0,0,not_invoked,,1,2176,1.0688000002119225,0.0018000000636675395,0.00030000046535860747,0.0007999997251317836,0.004000000444648322,1.0794999998324784
365,d45_u2,neutral,train,45,2,proxy,1,0,0,0,0,0,0,not_invoked,,1,2176,1.0303999997631763,0.0018000000636675395,0.0002999995558639057,0.0007999997251317836,0.004000000444648322,1.0412000001451815
366,d45_u3,angry,train,45,3,proxy,1,0,0,0,0,0,0,not_invoked,,1,2176,1.0083000006488874,0.0018000000636675395,0.0002999995558639057,0.0009000004865811206,0.0038999996831989847,1.0186999998040847
367,d45_u4,neutral,train,45,4,proxy,1,0,0,0,0,0,0,not_invoked,,1,2176,1.0657000002538553,0.0018000000636675395,0.00030000046535860747,0.0008999995770864189,0.004000000444648322,1.0764999997263658
368,d46_u0,happy,train,46,0,proxy,1,0,0,0,0,0,0,not_invoked,,1,2176,1.0828999993464095,0.0016999993022182025,0.00019999970390927047,0.0008999995770864189,0.004000000444648322,1.0930999997071922
369,d46_u2,angry,train,46,2,proxy,1,0,0,0,0,0,0,not_invoked,,1,2176,1.0775000000649015,0.0017000002117129043,0.0002999995558639057,0.0008999995770864189,0.004000000444648322,1.0882000005949521
370,d46_u4,neutral,train,46,4,proxy,1,0,0,0,0,0,0,not_invoked,,1,2176,1.076900000043679,0.0017000002117129043,0.00030000046535860747,0.0008999995770864189,0.0039000005926936865,1.087599999664235
371,d46_u5,neutral,train,46,5,proxy,1,0,0,0,0,0,0,not_invoked,,1,2176,1.0228999999526422,0.0018000000636675395,0.00019999970390927047,0.0009000004865811206,0.00399999953515362,1.0337000003346475
372,d46_u6,angry,train,46,6,proxy,1,0,0,0,0,0,0,not_invoked,,1,2176,1.0214000003543333,0.0017000002117129043,0.00019999970390927047,0.0009000004865811206,0.004000000444648322,1.0320000001229346
373,d46_u8,happy,train,46,8,proxy,1,0,0,0,0,0,0,not_invoked,,1,2176,1.024899999720219,0.0018000000636675395,0.00019999970390927047,0.0009000004865811206,0.004100000296602957,1.0357000001022243
374,d46_u9,happy,train,46,9,proxy,1,0,0,0,0,0,0,not_invoked,,1,2176,1.0039999997388804,0.0017000002117129043,0.00020000061340397224,0.0008999995770864189,0.0038999996831989847,1.014700000268931
375,d46_u10,neutral,train,46,10,proxy,1,0,0,0,0,0,0,not_invoked,,1,2176,1.0026999998444808,0.0018000000636675395,0.00019999970390927047,0.0009000004865811206,0.004099999387108255,1.013500000226486
376,d46_u12,happy,train,46,12,proxy,1,0,0,0,0,0,0,not_invoked,,1,2176,0.9878000000753673,0.0018000000636675395,0.0002999995558639057,0.0009000004865811206,0.00399999953515362,0.9982999999920139
377,d46_u14,happy,train,46,14,proxy,1,0,0,0,0,0,0,not_invoked,,1,2176,1.0359999996580882,0.0018000000636675395,0.00020000061340397224,0.0007999997251317836,0.004000000444648322,1.0466000003361842
378,d47_u0,neutral,train,47,0,proxy,1,0,0,0,0,0,0,not_invoked,,1,2176,1.0609999999360298,0.0017999991541728377,0.00030000046535860747,0.0007999997251317836,0.0038999996831989847,1.0714000000007218
379,d47_u1,neutral,train,47,1,proxy,1,0,0,0,0,0,0,not_invoked,,1,2176,1.0501999995540245,0.0016999993022182025,0.00020000061340397224,0.0008999995770864189,0.0038000007407390513,1.0606000005282112
380,d47_u2,neutral,train,47,2,proxy,1,0,0,0,0,0,0,not_invoked,,1,2176,1.0099999999511056,0.0018999999156221747,0.0002999995558639057,0.0009000004865811206,0.004099999387108255,1.020799999423616
381,d47_u3,neutral,train,47,3,proxy,1,0,0,0,0,0,0,not_invoked,,1,2176,1.1850999999296619,0.0018999999156221747,0.00030000046535860747,0.0008999995770864189,0.004100000296602957,1.1961000000155764
382,d47_u4,neutral,train,47,4,proxy,1,0,0,0,0,0,0,not_invoked,,1,2176,0.9500000005573384,0.0017000002117129043,0.0002999995558639057,0.0007999997251317836,0.004000000444648322,0.9608000000298489
383,d47_u5,neutral,train,47,5,proxy,1,0,0,0,0,0,0,not_invoked,,1,2176,1.0501999995540245,0.00199999976757681,0.0002999995558639057,0.0010000003385357559,0.004399999852466863,1.0621000001265202
384,d47_u6,neutral,train,47,6,proxy,1,0,0,0,0,0,0,not_invoked,,1,2176,1.1303000001134933,0.0018999999156221747,0.00019999970390927047,0.0010000003385357559,0.004499999704421498,1.141799999459181
385,d47_u7,happy,train,47,7,proxy,1,0,0,0,0,0,0,not_invoked,,1,2176,0.971899999967718,0.0018999999156221747,0.00030000046535860747,0.0008999995770864189,0.004200000148557592,0.9829999999055872
386,d47_u8,neutral,train,47,8,proxy,1,0,0,0,0,0,0,not_invoked,,1,2176,1.0734999996202532,0.0018000000636675395,0.00030000046535860747,0.0007999997251317836,0.0039000005926936865,1.0838999996849452
387,d47_u9,neutral,train,47,9,proxy,1,0,0,0,0,0,0,not_invoked,,1,2176,1.1133999996673083,0.00199999976757681,0.00030000046535860747,0.0010000003385357559,0.004599999556376133,1.1254999999437132
388,d47_u12,neutral,train,47,12,proxy,1,0,0,0,0,0,0,not_invoked,,1,2176,1.148299999840674,0.0018000000636675395,0.00019999970390927047,0.0009000004865811206,0.0038999996831989847,1.158699999905366
389,d47_u14,neutral,train,47,14,proxy,1,0,0,0,0,0,0,not_invoked,,1,2176,1.01379999978235,0.0018999999156221747,0.00020000061340397224,0.0007999997251317836,0.00399999953515362,1.0247999998682644
390,d47_u15,happy,train,47,15,proxy,1,0,0,0,0,0,0,not_invoked,,1,2176,1.0901000005105743,0.0020000006770715117,0.00020000061340397224,0.0010000003385357559,0.004300000000512227,1.1160000003656023
391,d47_u16,happy,train,47,16,proxy,1,0,0,0,0,0,0,not_invoked,,1,2176,1.1015000000043074,0.0018000000636675395,0.0002999995558639057,0.0007999997251317836,0.00399999953515362,1.112200000534358
392,d47_u17,neutral,train,47,17,proxy,1,0,0,0,0,0,0,not_invoked,,1,2176,1.0476999996171799,0.0017000002117129043,0.00030000046535860747,0.0007999997251317836,0.004000000444648322,1.0583000002952758
393,d48_u0,neutral,train,48,0,proxy,1,0,0,0,0,0,0,not_invoked,,1,2176,1.0721999997258536,0.0018999999156221747,0.00019999970390927047,0.0009000004865811206,0.00399999953515362,1.0830999999598134
394,d49_u0,neutral,train,49,0,proxy,1,0,0,0,0,0,0,not_invoked,,1,2176,1.0313999991922174,0.0018000000636675395,0.00019999970390927047,0.0008999995770864189,0.0038999996831989847,1.0419000000183587
395,d49_u1,neutral,train,49,1,proxy,1,0,0,0,0,0,0,not_invoked,,1,2176,0.9807999995246064,0.0018000000636675395,0.00020000061340397224,0.0007999997251317836,0.0038999996831989847,0.9913000003507477
396,d49_u2,angry,train,49,2,proxy,1,0,0,0,0,0,0,not_invoked,,1,2176,1.028099999530241,0.0018000000636675395,0.00019999970390927047,0.0009000004865811206,0.0038999996831989847,1.0388000000602915
397,d49_u3,happy,train,49,3,proxy,1,0,0,0,0,0,0,not_invoked,,1,2176,0.9875999994619633,0.0018000000636675395,0.00019999970390927047,0.0007999997251317836,0.004000000444648322,0.9984999996959232
398,d49_u5,neutral,train,49,5,proxy,1,0,0,0,0,0,0,not_invoked,,1,2176,1.026099999762664,0.0018000000636675395,0.00030000046535860747,0.0007999997251317836,0.00399999953515362,1.0366999995312653
399,d49_u6,neutral,train,49,6,proxy,1,0,0,0,0,0,0,not_invoked,,1,2176,1.0254999997414416,0.0018000000636675395,0.0002999995558639057,0.0009000004865811206,0.004000000444648322,1.036499999827356
400,d49_u7,neutral,train,49,7,proxy,1,0,0,0,0,0,0,not_invoked,,1,2176,1.013299999613082,0.0017000002117129043,0.00030000046535860747,0.0007999997251317836,0.004000000444648322,1.023900000291178
401,d49_u8,neutral,train,49,8,proxy,1,0,0,0,0,0,0,not_invoked,,1,2176,1.015999999253836,0.0017000002117129043,0.00030000046535860747,0.0009000004865811206,0.0038999996831989847,1.0266999997838866
402,d49_u9,happy,train,49,9,proxy,1,0,0,0,0,0,0,not_invoked,,1,2176,1.003100000161794,0.0017000002117129043,0.00019999970390927047,0.0008999995770864189,0.004000000444648322,1.01379999978235
403,d49_u10,neutral,train,49,10,proxy,1,0,0,0,0,0,0,not_invoked,,1,2176,0.9989000000132364,0.0018000000636675395,0.00019999970390927047,0.0009000004865811206,0.00399999953515362,1.009600000543287
404,d49_u11,neutral,train,49,11,proxy,1,0,0,0,0,0,0,not_invoked,,1,2176,0.9688999998616055,0.0018000000636675395,0.00019999970390927047,0.0009000004865811206,0.0038999996831989847,0.9792999999262975
405,d49_u12,sad,train,49,12,proxy,1,0,0,0,0,0,0,not_invoked,,1,2176,1.0330000004614703,0.0018000000636675395,0.00019999970390927047,0.0009000004865811206,0.004000000444648322,1.0437000000820262
406,d49_u14,neutral,train,49,14,proxy,1,0,0,0,0,0,0,not_invoked,,1,2176,1.0438999997859355,0.0018000000636675395,0.00030000046535860747,0.0007999997251317836,0.004000000444648322,1.0542999998506275
407,d49_u16,neutral,train,49,16,proxy,1,0,0,0,0,0,0,not_invoked,,1,2176,1.0282000002916902,0.0018000000636675395,0.00019999970390927047,0.0009000004865811206,0.00399999953515362,1.0390000006736955
408,d49_u17,neutral,train,49,17,proxy,1,0,0,0,0,0,0,not_invoked,,1,2176,1.0503999992579338,0.0019000008251168765,0.00019999970390927047,0.0009000004865811206,0.0037999998312443495,1.0609000000840751
409,d49_u19,neutral,train,49,19,proxy,1,0,0,0,0,0,0,not_invoked,,1,2176,1.0332999991078395,0.0018000000636675395,0.00019999970390927047,0.0009000004865811206,0.004099999387108255,1.0440000005473848
410,d49_u21,angry,train,49,21,proxy,1,0,0,0,0,0,0,not_invoked,,1,2176,1.0412999999971362,0.0018000000636675395,0.0002999995558639057,0.0009000004865811206,0.0038999996831989847,1.0517999999137828
411,d50_u0,happy,train,50,0,proxy,1,0,0,0,0,0,0,not_invoked,,1,2176,1.0351000000810018,0.0018000000636675395,0.00019999970390927047,0.0009000004865811206,0.004499999704421498,1.0666000007404364
412,d50_u1,angry,train,50,1,proxy,1,0,0,0,0,0,0,not_invoked,,1,2176,1.0105000001203734,0.0018999999156221747,0.00030000046535860747,0.0010000003385357559,0.01809999957913533,1.0359000007156283
413,d50_u3,neutral,train,50,3,proxy,1,0,0,0,0,0,0,not_invoked,,1,2176,1.07300000036048,0.0018000000636675395,0.0002999995558639057,0.0009000004865811206,0.00399999953515362,1.0833999995156773
414,d50_u4,neutral,train,50,4,proxy,1,0,0,0,0,0,0,not_invoked,,1,2176,1.0041999994427897,0.0018999999156221747,0.00019999970390927047,0.0009000004865811206,0.004200000148557592,1.015200000438199
415,d50_u7,sad,train,50,7,proxy,1,0,0,0,0,0,0,not_invoked,,1,2176,1.0077999995701248,0.0018000000636675395,0.00020000061340397224,0.0008999995770864189,0.004000000444648322,1.0180999997828621
416,d50_u8,happy,train,50,8,proxy,1,0,0,0,0,0,0,not_invoked,,1,2176,1.0750999999800115,0.0018000000636675395,0.00030000046535860747,0.0008000006346264854,0.00399999953515362,1.0859999993044767
417,d50_u11,neutral,train,50,11,proxy,1,0,0,0,0,0,0,not_invoked,,1,2176,1.0861999999178806,0.0018000000636675395,0.00019999970390927047,0.0009000004865811206,0.00399999953515362,1.0968000005959766
418,d50_u12,neutral,train,50,12,proxy,1,0,0,0,0,0,0,not_invoked,,1,2176,1.0317999995095306,0.0018000000636675395,0.00030000046535860747,0.0008999995770864189,0.0037999998312443495,1.0421999995742226
419,d50_u13,angry,train,50,13,proxy,1,0,0,0,0,0,0,not_invoked,,1,2176,1.0133999994650367,0.0017000002117129043,0.00019999970390927047,0.0009000004865811206,0.004399999852466863,1.0243999995509512
420,d50_u15,angry,train,50,15,proxy,1,0,0,0,0,0,0,not_invoked,,1,2176,0.9483000003456254,0.0017000002117129043,0.0002999995558639057,0.0007999997251317836,0.0038999996831989847,0.9588000002622721
421,d50_u16,neutral,train,50,16,proxy,1,0,0,0,0,0,0,not_invoked,,1,2176,1.117300000260002,0.0018999999156221747,0.00020000061340397224,0.0008999995770864189,0.004099999387108255,1.1285000000498258
422,d51_u0,neutral,train,51,0,proxy,1,0,0,0,0,0,0,not_invoked,,1,2176,1.2050000004819594,0.0017999991541728377,0.00019999970390927047,0.0008999995770864189,0.00419999923906289,1.2161000004198286
423,d51_u1,sad,train,51,1,proxy,1,0,0,0,0,0,0,not_invoked,,1,2176,1.0370999998485786,0.0018999999156221747,0.00020000061340397224,0.0008999995770864189,0.004000000444648322,1.0477999994691345
424,d51_u2,neutral,train,51,2,proxy,1,0,0,0,0,0,0,not_invoked,,1,2176,1.0750999999800115,0.0018000000636675395,0.00030000046535860747,0.0008999995770864189,0.0039000005926936865,1.0857999996005674
425,d51_u4,angry,train,51,4,proxy,1,0,0,0,0,0,0,not_invoked,,1,2176,1.0496000004422967,0.0018000000636675395,0.00019999970390927047,0.0008999995770864189,0.0039000005926936865,1.0603999999148073
426,d51_u5,angry,train,51,5,proxy,1,0,0,0,0,0,0,not_invoked,,1,2176,1.0009999996327679,0.0018999999156221747,0.0002999995558639057,0.0007999997251317836,0.004200000148557592,1.012099999570637
427,d51_u6,angry,train,51,6,proxy,1,0,0,0,0,0,0,not_invoked,,1,2176,1.035799999954179,0.0017000002117129043,0.00019999970390927047,0.0009000004865811206,0.004099999387108255,1.046400000632275
428,d51_u7,angry,train,51,7,proxy,1,0,0,0,0,0,0,not_invoked,,1,2176,1.0412999999971362,0.0018000000636675395,0.00019999970390927047,0.0008000006346264854,0.004100000296602957,1.0517000000618282
429,d51_u8,angry,train,51,8,proxy,1,0,0,0,0,0,0,not_invoked,,1,2176,0.9884999999485444,0.0018000000636675395,0.00030000046535860747,0.0007999997251317836,0.004000000444648322,0.9989999998651911
430,d51_u9,angry,train,51,9,proxy,1,0,0,0,0,0,0,not_invoked,,1,2176,1.0815999994520098,0.0018000000636675395,0.00030000046535860747,0.0009000004865811206,0.00399999953515362,1.0922999999820604
431,d51_u10,angry,train,51,10,proxy,1,0,0,0,0,0,0,not_invoked,,1,2176,1.0258000002068002,0.0018000000636675395,0.00019999970390927047,0.0007999997251317836,0.004100000296602957,1.0366999995312653
432,d52_u0,neutral,train,52,0,proxy,1,0,0,0,0,0,0,not_invoked,,1,2176,1.0244999994029058,0.0016999993022182025,0.00030000046535860747,0.0008999995770864189,0.0039000005926936865,1.0349000003770925
433,d52_u1,happy,train,52,1,proxy,1,0,0,0,0,0,0,not_invoked,,1,2176,1.0271999999531545,0.0018999999156221747,0.0002999995558639057,0.0007999997251317836,0.004100000296602957,1.0381000001871143
434,d52_u2,neutral,train,52,2,proxy,1,0,0,0,0,0,0,not_invoked,,1,2176,0.9780000000318978,0.0017000002117129043,0.0002999995558639057,0.0009000004865811206,0.00399999953515362,0.9883000002446352
435,d52_u3,neutral,train,52,3,proxy,1,0,0,0,0,0,0,not_invoked,,1,2176,1.0153000002901535,0.0018000000636675395,0.00019999970390927047,0.0008999995770864189,0.004000000444648322,1.026099999762664
436,d52_u4,neutral,train,52,4,proxy,1,0,0,0,0,0,0,not_invoked,,1,2176,1.0225999994872836,0.0016999993022182025,0.00020000061340397224,0.0008999995770864189,0.004000000444648322,1.032899999700021
437,d52_u5,neutral,train,52,5,proxy,1,0,0,0,0,0,0,not_invoked,,1,2176,1.0259000000587548,0.0017000002117129043,0.00019999970390927047,0.0010000003385357559,0.0039000005926936865,1.036499999827356
438,d52_u6,neutral,train,52,6,proxy,1,0,0,0,0,0,0,not_invoked,,1,2176,0.8915000007618801,0.0017000002117129043,0.0002999995558639057,0.0009000004865811206,0.00399999953515362,0.901999999769032
439,d52_u7,neutral,train,52,7,proxy,1,0,0,0,0,0,0,not_invoked,,1,2176,1.1639999993349193,0.0018999999156221747,0.00030000046535860747,0.0008999995770864189,0.004200000148557592,1.1752000000342377
440,d52_u8,neutral,train,52,8,proxy,1,0,0,0,0,0,0,not_invoked,,1,2176,1.0952000002362183,0.0017000002117129043,0.0002999995558639057,0.0008000006346264854,0.0037999998312443495,1.1052999998355517
441,d52_u9,neutral,train,52,9,proxy,1,0,0,0,0,0,0,not_invoked,,1,2176,0.9495999993305304,0.0016999993022182025,0.00020000061340397224,0.0007999997251317836,0.004000000444648322,0.9601000001566717
442,d52_u10,neutral,train,52,10,proxy,1,0,0,0,0,0,0,not_invoked,,1,2176,1.1389000001145178,0.0017000002117129043,0.00020000061340397224,0.000999999429041054,0.00399999953515362,1.1499000002004323
443,d52_u11,neutral,train,52,11,proxy,1,0,0,0,0,0,0,not_invoked,,1,2176,1.0871000004044618,0.002200000380980782,0.00030000046535860747,0.0010000003385357559,0.004399999852466863,1.0992999996233266
444,d53_u0,happy,train,53,0,proxy,1,0,0,0,0,0,0,not_invoked,,1,2176,1.1338999993313337,0.0018999999156221747,0.00019999970390927047,0.0009000004865811206,0.00399999953515362,1.1445000000094296
445,d53_u1,happy,train,53,1,proxy,1,0,0,0,0,0,0,not_invoked,,1,2176,1.0445999996591127,0.0018999999156221747,0.00020000061340397224,0.0008999995770864189,0.004100000296602957,1.0554999998930725
446,d53_u2,neutral,train,53,2,proxy,1,0,0,0,0,0,0,not_invoked,,1,2176,1.0865000003832392,0.0018000000636675395,0.0002999995558639057,0.0009000004865811206,0.0038999996831989847,1.0970000002998859
447,d53_u3,neutral,train,53,3,proxy,1,0,0,0,0,0,0,not_invoked,,1,2176,1.0305999994670856,0.0018999999156221747,0.0002999995558639057,0.0009000004865811206,0.004099999387108255,1.0412999999971362
448,d53_u4,neutral,train,53,4,proxy,1,0,0,0,0,0,0,not_invoked,,1,2176,0.9445000005143811,0.0018000000636675395,0.0002999995558639057,0.0009000004865811206,0.004200000148557592,0.955200000134937
449,d53_u5,neutral,train,53,5,proxy,1,0,0,0,0,0,0,not_invoked,,1,2176,0.9909999998853891,0.0018000000636675395,0.00030000046535860747,0.0009000004865811206,0.00399999953515362,1.0017999993578997
450,d53_u6,happy,train,53,6,proxy,1,0,0,0,0,0,0,not_invoked,,1,2176,1.0438999997859355,0.0018000000636675395,0.0002999995558639057,0.0008000006346264854,0.00399999953515362,1.0545000004640315
451,d53_u7,neutral,train,53,7,proxy,1,0,0,0,0,0,0,not_invoked,,1,2176,1.0941999998976826,0.0018000000636675395,0.00020000061340397224,0.0008999995770864189,0.00399999953515362,1.104999999370193
452,d53_u8,happy,train,53,8,proxy,1,0,0,0,0,0,0,not_invoked,,1,2176,1.0594999994282261,0.0018000000636675395,0.00020000061340397224,0.0008999995770864189,0.0038000007407390513,1.0699000004024128
453,d54_u1,sad,train,54,1,proxy,1,0,0,0,0,0,0,not_invoked,,1,2176,1.0334999997212435,0.0018999999156221747,0.00020000061340397224,0.0008999995770864189,0.004000000444648322,1.0440999994898448
454,d54_u2,angry,train,54,2,proxy,1,0,0,0,0,0,0,not_invoked,,1,2176,1.0699000004024128,0.002099999619531445,0.00020000061340397224,0.0010000003385357559,0.00399999953515362,1.081000000340282
455,d54_u5,neutral,train,54,5,proxy,1,0,0,0,0,0,0,not_invoked,,1,2176,1.0751999998319661,0.0018000000636675395,0.0002999995558639057,0.0008999995770864189,0.004000000444648322,1.0859000003620167
456,d54_u6,happy,train,54,6,proxy,1,0,0,0,0,0,0,not_invoked,,1,2176,1.1064999998779967,0.0018000000636675395,0.00019999970390927047,0.0007999997251317836,0.00399999953515362,1.1172000004080473
457,d54_u7,angry,train,54,7,proxy,1,0,0,0,0,0,0,not_invoked,,1,2176,1.0690999997677864,0.0018000000636675395,0.0002999995558639057,0.0009000004865811206,0.004000000444648322,1.0799000001497916
458,d54_u8,sad,train,54,8,proxy,1,0,0,0,0,0,0,not_invoked,,1,2176,0.9676999998191604,0.0016999993022182025,0.00030000046535860747,0.0007999997251317836,0.004000000444648322,0.9780000000318978
459,d54_u9,happy,train,54,9,proxy,1,0,0,0,0,0,0,not_invoked,,1,2176,1.0025999999925261,0.0019000008251168765,0.00030000046535860747,0.0009000004865811206,0.00399999953515362,1.013299999613082
460,d54_u10,neutral,train,54,10,proxy,1,0,0,0,0,0,0,not_invoked,,1,2176,0.9707999997772276,0.0018000000636675395,0.00020000061340397224,0.0008999995770864189,0.00419999923906289,0.9819000006245915
461,d54_u11,neutral,train,54,11,proxy,1,0,0,0,0,0,0,not_invoked,,1,2176,1.025199999276083,0.0018000000636675395,0.0002999995558639057,0.0009000004865811206,0.004300000000512227,1.0363000001234468
462,d54_u14,sad,train,54,14,proxy,1,0,0,0,0,0,0,not_invoked,,1,2176,1.0814000006575952,0.0018000000636675395,0.0002999995558639057,0.0009000004865811206,0.00399999953515362,1.0920000004261965
463,d54_u15,sad,train,54,15,proxy,1,0,0,0,0,0,0,not_invoked,,1,2176,1.0324999993827078,0.0016999993022182025,0.00019999970390927047,0.0010000003385357559,0.00399999953515362,1.0431999999127584
464,d54_u16,sad,train,54,16,proxy,1,0,0,0,0,0,0,not_invoked,,1,2176,1.1487000001579872,0.0016999993022182025,0.00030000046535860747,0.0008999995770864189,0.00399999953515362,1.1592000000746339
465,d54_u17,happy,train,54,17,proxy,1,0,0,0,0,0,0,not_invoked,,1,2176,1.0743000002548797,0.0018000000636675395,0.0002999995558639057,0.0007999997251317836,0.004000000444648322,1.0850999997273902
466,d54_u18,happy,train,54,18,proxy,1,0,0,0,0,0,0,not_invoked,,1,2176,1.0637000004862784,0.002099999619531445,0.0002999995558639057,0.0010000003385357559,0.004300000000512227,1.0757999998531886
467,d54_u19,happy,train,54,19,proxy,1,0,0,0,0,0,0,not_invoked,,1,2176,1.1858999996547936,0.00199999976757681,0.00030000046535860747,0.0008999995770864189,0.004499999704421498,1.1975999996138853
468,d54_u20,happy,train,54,20,proxy,1,0,0,0,0,0,0,not_invoked,,1,2176,0.97989999994752,0.0017000002117129043,0.00019999970390927047,0.0007000007826718502,0.0038999996831989847,0.990099999398808
469,d54_u21,neutral,train,54,21,proxy,1,0,0,0,0,0,0,not_invoked,,1,2176,1.025399999889487,0.0017000002117129043,0.00019999970390927047,0.0009000004865811206,0.004000000444648322,1.0359000007156283
470,d54_u22,happy,train,54,22,proxy,1,0,0,0,0,0,0,not_invoked,,1,2176,1.000700000076904,0.0018000000636675395,0.0002999995558639057,0.0007999997251317836,0.0038999996831989847,1.0112999998455052
471,d54_u23,angry,train,54,23,proxy,1,0,0,0,0,0,0,not_invoked,,1,2176,1.089799999135721,0.0018999999156221747,0.0002999995558639057,0.0008999995770864189,0.004100000296602957,1.1007000002791756
472,d55_u0,happy,train,55,0,proxy,1,0,0,0,0,0,0,not_invoked,,1,2176,1.025100000333623,0.0018000000636675395,0.00019999970390927047,0.0009000004865811206,0.00399999953515362,1.0357000001022243
473,d55_u1,happy,train,55,1,proxy,1,0,0,0,0,0,0,not_invoked,,1,2176,1.0529999999562278,0.00199999976757681,0.00030000046535860747,0.000999999429041054,0.004399999852466863,1.0648999996192288
474,d55_u2,neutral,train,55,2,proxy,1,0,0,0,0,0,0,not_invoked,,1,2176,1.0498999999981606,0.0018000000636675395,0.00019999970390927047,0.0008999995770864189,0.004000000444648322,1.060499999766762
475,d55_u4,neutral,train,55,4,proxy,1,0,0,0,0,0,0,not_invoked,,1,2176,0.9595999999874039,0.0018999999156221747,0.00030000046535860747,0.0008999995770864189,0.004399999852466863,0.9710000003906316
476,d55_u5,happy,train,55,5,proxy,1,0,0,0,0,0,0,not_invoked,,1,2176,1.0541000001467182,0.0018999999156221747,0.0002999995558639057,0.0007999997251317836,0.0039000005926936865,1.0646999999153195
477,d55_u7,neutral,train,55,7,proxy,1,0,0,0,0,0,0,not_invoked,,1,2176,1.1075000002165325,0.00199999976757681,0.00019999970390927047,0.0008999995770864189,0.0039000005926936865,1.1180999999851338
478,d55_u8,happy,train,55,8,proxy,1,0,0,0,0,0,0,not_invoked,,1,2176,1.007299999400857,0.0018000000636675395,0.00030000046535860747,0.0007999997251317836,0.00419999923906289,1.0181000006923568
479,d55_u9,happy,train,55,9,proxy,1,0,0,0,0,0,0,not_invoked,,1,2176,1.0356000002502697,0.00199999976757681,0.00020000061340397224,0.0008999995770864189,0.004599999556376133,1.0477999994691345
480,d55_u10,happy,train,55,10,proxy,1,0,0,0,0,0,0,not_invoked,,1,2176,1.3034000003244728,0.002200000380980782,0.00030000046535860747,0.0010000003385357559,0.004900000021734741,1.3160999997126055
481,d55_u11,happy,train,55,11,proxy,1,0,0,0,0,0,0,not_invoked,,1,2176,1.5904999991107616,0.0018999999156221747,0.00019999970390927047,0.0009000004865811206,0.004000000444648322,1.6015000001061708
482,d55_u12,happy,train,55,12,proxy,1,0,0,0,0,0,0,not_invoked,,1,2176,1.25690000004397,0.0017000002117129043,0.0002999995558639057,0.0008999995770864189,0.004000000444648322,1.2677000004259753
483,d55_u13,happy,train,55,13,proxy,1,0,0,0,0,0,0,not_invoked,,1,2176,1.0748000004241476,0.0018000000636675395,0.00019999970390927047,0.0008000006346264854,0.00399999953515362,1.0854000001927488
484,d55_u14,happy,train,55,14,proxy,1,0,0,0,0,0,0,not_invoked,,1,2176,1.0764999997263658,0.0018000000636675395,0.00019999970390927047,0.0009000004865811206,0.007300000106624793,1.0905999997703475
485,d55_u15,happy,train,55,15,proxy,1,0,0,0,0,0,0,not_invoked,,1,2176,1.0341999995944207,0.0018000000636675395,0.00019999970390927047,0.0009000004865811206,0.004200000148557592,1.044999999976426
486,d55_u16,neutral,train,55,16,proxy,1,0,0,0,0,0,0,not_invoked,,1,2176,1.0386000003563822,0.0017000002117129043,0.00019999970390927047,0.0008000006346264854,0.00399999953515362,1.0490000004210742
487,d56_u1,neutral,train,56,1,proxy,1,0,0,0,0,0,0,not_invoked,,1,2176,0.8869000002960092,0.0018999999156221747,0.00020000061340397224,0.0008999995770864189,0.004000000444648322,0.8975000000646105
488,d56_u3,neutral,train,56,3,proxy,1,0,0,0,0,0,0,not_invoked,,1,2176,1.0939999992842786,0.0018000000636675395,0.0002999995558639057,0.0008000006346264854,0.00399999953515362,1.1045999999623746
489,d56_u4,neutral,train,56,4,proxy,1,0,0,0,0,0,0,not_invoked,,1,2176,0.9962000003724825,0.0018000000636675395,0.00020000061340397224,0.0008999995770864189,0.00419999923906289,1.0071000006064423
490,d56_u5,neutral,train,56,5,proxy,1,0,0,0,0,0,0,not_invoked,,1,2176,0.9794999996302067,0.0017000002117129043,0.0002999995558639057,0.0009000004865811206,0.004099999387108255,0.9899000006043934
491,d56_u6,happy,train,56,6,proxy,1,0,0,0,0,0,0,not_invoked,,1,2176,1.1776000001191278,0.0018000000636675395,0.0002999995558639057,0.0007999997251317836,0.004100000296602957,1.1882999997396837
492,d57_u1,neutral,train,57,1,proxy,1,0,0,0,0,0,0,not_invoked,,1,2176,1.0388000000602915,0.0015999994502635673,0.0002999995558639057,0.0007999997251317836,0.0038999996831989847,1.0490000004210742
493,d58_u0,neutral,train,58,0,proxy,1,0,0,0,0,0,0,not_invoked,,1,2176,0.935600000047998,0.0017999991541728377,0.00030000046535860747,0.0007999997251317836,0.0039000005926936865,0.9458000004087808
494,d58_u1,neutral,train,58,1,proxy,1,0,0,0,0,0,0,not_invoked,,1,2176,1.010599999972328,0.0018000000636675395,0.00019999970390927047,0.0008999995770864189,0.0039000005926936865,1.0208000003331108
495,d58_u3,neutral,train,58,3,proxy,1,0,0,0,0,0,0,not_invoked,,1,2176,1.0905999997703475,0.0018000000636675395,0.00030000046535860747,0.0008999995770864189,0.004100000296602957,1.1012999993909034
496,d58_u4,angry,train,58,4,proxy,1,0,0,0,0,0,0,not_invoked,,1,2176,0.9984999996959232,0.0018000000636675395,0.00020000061340397224,0.0007999997251317836,0.004100000296602957,1.009199999316479
497,d58_u6,neutral,train,58,6,proxy,1,0,0,0,0,0,0,not_invoked,,1,2176,0.9184999998979038,0.0017000002117129043,0.00019999970390927047,0.0009000004865811206,0.004100000296602957,0.9291000005759997
498,d58_u7,neutral,train,58,7,proxy,1,0,0,0,0,0,0,not_invoked,,1,2176,1.0907000005317968,0.0018000000636675395,0.0002999995558639057,0.0008000006346264854,0.0038999996831989847,1.1011999995389488
499,d58_u8,neutral,train,58,8,proxy,1,0,0,0,0,0,0,not_invoked,,1,2176,0.9962999993149424,0.0018999999156221747,0.00019999970390927047,0.0010000003385357559,0.004200000148557592,1.0075000000142609
500,d58_u9,neutral,train,58,9,proxy,1,0,0,0,0,0,0,not_invoked,,1,2176,1.0930999997071922,0.001600000359758269,0.0002999995558639057,0.0009000004865811206,0.004100000296602957,1.1033999999199295
501,d59_u0,neutral,train,59,0,proxy,1,0,0,0,0,0,0,not_invoked,,1,2176,1.0585999998511397,0.0019000008251168765,0.00030000046535860747,0.0009000004865811206,0.00399999953515362,1.0692999994716956
502,d59_u1,happy,train,59,1,proxy,1,0,0,0,0,0,0,not_invoked,,1,2176,1.1567999999897438,0.0017000002117129043,0.0002999995558639057,0.0008000006346264854,0.00399999953515362,1.1674000006678398
503,d59_u2,neutral,train,59,2,proxy,1,0,0,0,0,0,0,not_invoked,,1,2176,0.9806999996726518,0.0018000000636675395,0.00020000061340397224,0.0008999995770864189,0.004000000444648322,0.9910999997373438
504,d59_u3,happy,train,59,3,proxy,1,0,0,0,0,0,0,not_invoked,,1,2176,1.0385000005044276,0.0017000002117129043,0.00019999970390927047,0.0009000004865811206,0.0038999996831989847,1.0490000004210742
505,d59_u4,happy,train,59,4,proxy,1,0,0,0,0,0,0,not_invoked,,1,2176,1.0767999992822297,0.0018000000636675395,0.00019999970390927047,0.0009000004865811206,0.004099999387108255,1.087500000721775
506,d59_u5,happy,train,59,5,proxy,1,0,0,0,0,0,0,not_invoked,,1,2176,1.055400000041118,0.0018000000636675395,0.00019999970390927047,0.0008000006346264854,0.00399999953515362,1.0658999999577645
507,d59_u6,happy,train,59,6,proxy,1,0,0,0,0,0,0,not_invoked,,1,2176,1.084399999854213,0.0018999999156221747,0.00030000046535860747,0.0008999995770864189,0.004399999852466863,1.0961999996652594
508,d59_u7,happy,train,59,7,proxy,1,0,0,0,0,0,0,not_invoked,,1,2176,1.1699999995471444,0.0018999999156221747,0.0002999995558639057,0.0009000004865811206,0.004300000000512227,1.1811000003945082
509,d59_u8,happy,train,59,8,proxy,1,0,0,0,0,0,0,not_invoked,,1,2176,1.2395000003380119,0.0018999999156221747,0.00020000061340397224,0.000999999429041054,0.004399999852466863,1.2509999996836996
510,d59_u9,happy,train,59,9,proxy,1,0,0,0,0,0,0,not_invoked,,1,2176,1.0947000000669505,0.0018000000636675395,0.00019999970390927047,0.0010000003385357559,0.004000000444648322,1.1055000004489557
511,d61_u0,neutral,train,61,0,proxy,1,0,0,0,0,0,0,not_invoked,,1,2176,1.0993999994752812,0.0018000000636675395,0.00030000046535860747,0.0009000004865811206,0.00399999953515362,1.1103000006187358
512,d61_u1,happy,train,61,1,proxy,1,0,0,0,0,0,0,not_invoked,,1,2176,1.0281000004397356,0.0018000000636675395,0.0002999995558639057,0.0009000004865811206,0.0037999998312443495,1.0383999997429783
513,d61_u2,happy,train,61,2,proxy,1,0,0,0,0,0,0,not_invoked,,1,2176,1.0580999996818719,0.0018000000636675395,0.00030000046535860747,0.0009000004865811206,0.00399999953515362,1.0689999999158317
514,d61_u3,neutral,train,61,3,proxy,1,0,0,0,0,0,0,not_invoked,,1,2176,1.069199999619741,0.0017000002117129043,0.0002999995558639057,0.0009000004865811206,0.0037999998312443495,1.0794999998324784
515,d61_u4,neutral,train,61,4,proxy,1,0,0,0,0,0,0,not_invoked,,1,2176,1.092600000447419,0.0018000000636675395,0.00030000046535860747,0.0007999997251317836,0.004000000444648322,1.1032000002160203
516,d61_u5,sad,train,61,5,proxy,1,0,0,0,0,0,0,not_invoked,,1,2176,1.068900000063877,0.0018000000636675395,0.0002999995558639057,0.0007999997251317836,0.004000000444648322,1.0794999998324784
517,d61_u6,happy,train,61,6,proxy,1,0,0,0,0,0,0,not_invoked,,1,2176,1.1123999993287725,0.0018999999156221747,0.00020000061340397224,0.0008999995770864189,0.0039000005926936865,1.12260000059905
518,d61_u7,sad,train,61,7,proxy,1,0,0,0,0,0,0,not_invoked,,1,2176,1.0452000005898299,0.0018999999156221747,0.00019999970390927047,0.0008999995770864189,0.004000000444648322,1.0559000002103858
519,d61_u8,happy,train,61,8,proxy,1,0,0,0,0,0,0,not_invoked,,1,2176,1.0237000005872687,0.0017000002117129043,0.0002999995558639057,0.0009000004865811206,0.00399999953515362,1.03430000035587
520,d62_u0,neutral,train,62,0,proxy,1,0,0,0,0,0,0,not_invoked,,1,2176,1.004300000204239,0.0018999999156221747,0.00030000046535860747,0.0007999997251317836,0.004100000296602957,1.0154000001421082
521,d62_u1,happy,train,62,1,proxy,1,0,0,0,0,0,0,not_invoked,,1,2176,1.0318999993614852,0.0018999999156221747,0.00019999970390927047,0.0008999995770864189,0.02550000044720946,1.0642999995980063
522,d62_u2,neutral,train,62,2,proxy,1,0,0,0,0,0,0,not_invoked,,1,2176,1.1334999999235151,0.0018999999156221747,0.00020000061340397224,0.0008999995770864189,0.004100000296602957,1.1442999993960257
523,d62_u3,happy,train,62,3,proxy,1,0,0,0,0,0,0,not_invoked,,1,2176,1.0619999993650708,0.0018999999156221747,0.00019999970390927047,0.0009000004865811206,0.00399999953515362,1.0727000008046161
524,d62_u5,happy,train,62,5,proxy,1,0,0,0,0,0,0,not_invoked,,1,2176,1.223799999934272,0.0019000008251168765,0.00030000046535860747,0.0009000004865811206,0.0038999996831989847,1.2345999994067824
525,d62_u6,neutral,train,62,6,proxy,1,0,0,0,0,0,0,not_invoked,,1,2176,1.262200000383018,0.002100000529026147,0.0002999995558639057,0.0009000004865811206,0.0038999996831989847,1.2733000003208872
526,d62_u7,neutral,train,62,7,proxy,1,0,0,0,0,0,0,not_invoked,,1,2176,0.9970999999495689,0.0018000000636675395,0.00019999970390927047,0.0007999997251317836,0.0038999996831989847,1.0074000001623062
527,d62_u8,neutral,train,62,8,proxy,1,0,0,0,0,0,0,not_invoked,,1,2176,1.1222999992241967,0.0018000000636675395,0.00019999970390927047,0.0009000004865811206,0.004100000296602957,1.1331000005156966
528,d62_u11,neutral,train,62,11,proxy,1,0,0,0,0,0,0,not_invoked,,1,2176,1.006999999844993,0.0017999991541728377,0.00030000046535860747,0.0007999997251317836,0.0039000005926936865,1.017399999909685
529,d63_u0,happy,train,63,0,proxy,1,0,0,0,0,0,0,not_invoked,,1,2176,0.9182000003420399,0.0018000000636675395,0.00019999970390927047,0.0008999995770864189,0.004000000444648322,0.9288999999625958
530,d63_u1,neutral,train,63,1,proxy,1,0,0,0,0,0,0,not_invoked,,1,2176,1.0063999998237705,0.0018000000636675395,0.00030000046535860747,0.0007999997251317836,0.004000000444648322,1.0169999995923718
531,d63_u2,happy,train,63,2,proxy,1,0,0,0,0,0,0,not_invoked,,1,2176,1.0222999999314197,0.0018000000636675395,0.0002999995558639057,0.0007999997251317836,0.004000000444648322,1.0329000006095157
532,d63_u4,happy,train,63,4,proxy,1,0,0,0,0,0,0,not_invoked,,1,2176,1.0252000001855777,0.0018000000636675395,0.0002999995558639057,0.0008000006346264854,0.0038999996831989847,1.035599999340775
533,d63_u5,angry,train,63,5,proxy,1,0,0,0,0,0,0,not_invoked,,1,2176,1.0910000000876607,0.0018000000636675395,0.00019999970390927047,0.0009000004865811206,0.004200000148557592,1.1019000003216206
534,d63_u6,neutral,train,63,6,proxy,1,0,0,0,0,0,0,not_invoked,,1,2176,1.0001000000556814,0.0018999999156221747,0.0002999995558639057,0.0007999997251317836,0.0038999996831989847,1.0105000001203734
535,d63_u7,sad,train,63,7,proxy,1,0,0,0,0,0,0,not_invoked,,1,2176,0.9291000005759997,0.0018000000636675395,0.0002999995558639057,0.0009000004865811206,0.004000000444648322,0.9396000004926464
536,d64_u0,angry,train,64,0,proxy,1,0,0,0,0,0,0,not_invoked,,1,2176,1.191100000141887,0.0018999999156221747,0.00030000046535860747,0.0008999995770864189,0.0045000006139162,1.202999999804888
537,d64_u1,neutral,train,64,1,proxy,1,0,0,0,0,0,0,not_invoked,,1,2176,1.1494000000311644,0.0017000002117129043,0.00019999970390927047,0.0008999995770864189,0.004100000296602957,1.160199999503675
538,d64_u2,neutral,train,64,2,proxy,1,0,0,0,0,0,0,not_invoked,,1,2176,1.0002999997595907,0.0017000002117129043,0.0002999995558639057,0.0007999997251317836,0.0037999998312443495,1.0105000001203734
539,d64_u3,neutral,train,64,3,proxy,1,0,0,0,0,0,0,not_invoked,,1,2176,1.0656000004019006,0.0018000000636675395,0.00030000046535860747,0.0007999997251317836,0.004200000148557592,1.0763000000224565
540,d64_u4,neutral,train,64,4,proxy,1,0,0,0,0,0,0,not_invoked,,1,2176,1.0425000000395812,0.0020000006770715117,0.00019999970390927047,0.0009000004865811206,0.004300000000512227,1.0537999996813596
541,d64_u5,happy,train,64,5,proxy,1,0,0,0,0,0,0,not_invoked,,1,2176,1.1494000000311644,0.0018000000636675395,0.0002999995558639057,0.0007999997251317836,0.004000000444648322,1.160100000561215
542,d64_u6,neutral,train,64,6,proxy,1,0,0,0,0,0,0,not_invoked,,1,2176,1.0552000003372086,0.0017000002117129043,0.00019999970390927047,0.0008999995770864189,0.004100000296602957,1.0658000001058099
543,d64_u7,happy,train,64,7,proxy,1,0,0,0,0,0,0,not_invoked,,1,2176,0.9140000001934823,0.0018000000636675395,0.00019999970390927047,0.0008999995770864189,0.004000000444648322,0.9247999996659928
544,d64_u8,happy,train,64,8,proxy,1,0,0,0,0,0,0,not_invoked,,1,2176,1.0115999994013691,0.0018000000636675395,0.00019999970390927047,0.0007999997251317836,0.00399999953515362,1.0221000002275105
545,d64_u9,angry,train,64,9,proxy,1,0,0,0,0,0,0,not_invoked,,1,2176,1.0850999997273902,0.0018000000636675395,0.00020000061340397224,0.0008999995770864189,0.00399999953515362,1.0958000002574408
546,d64_u10,neutral,train,64,10,proxy,1,0,0,0,0,0,0,not_invoked,,1,2176,1.0199999996984843,0.0018000000636675395,0.00030000046535860747,0.0007999997251317836,0.0039000005926936865,1.0305000005246256
547,d64_u11,angry,train,64,11,proxy,1,0,0,0,0,0,0,not_invoked,,1,2176,0.9494999994785758,0.0018000000636675395,0.00020000061340397224,0.0008999995770864189,0.004100000296602957,0.9602000000086264
548,d64_u12,neutral,train,64,12,proxy,1,0,0,0,0,0,0,not_invoked,,1,2176,1.0773000003609923,0.0017999991541728377,0.00019999970390927047,0.0009000004865811206,0.004399999852466863,1.0886999998547253
549,d65_u0,happy,train,65,0,proxy,1,0,0,0,0,0,0,not_invoked,,1,2176,1.0165000003325986,0.0018000000636675395,0.00030000046535860747,0.0007999997251317836,0.004100000296602957,1.027299999805109
550,d65_u2,neutral,train,65,2,proxy,1,0,0,0,0,0,0,not_invoked,,1,2176,1.0646000000633649,0.0016999993022182025,0.00020000061340397224,0.0008999995770864189,0.0038999996831989847,1.0749000002761022
551,d65_u3,happy,train,65,3,proxy,1,0,0,0,0,0,0,not_invoked,,1,2176,1.0075000000142609,0.0018000000636675395,0.00030000046535860747,0.0008999995770864189,0.004100000296602957,1.0182999994867714
552,d66_u1,neutral,train,66,1,proxy,1,0,0,0,0,0,0,not_invoked,,1,2176,1.0829000002559042,0.0017000002117129043,0.0002999995558639057,0.0009000004865811206,0.004000000444648322,1.0934000001725508
553,d66_u2,neutral,train,66,2,proxy,1,0,0,0,0,0,0,not_invoked,,1,2176,1.031400000101712,0.0018999999156221747,0.00030000046535860747,0.0007999997251317836,0.004200000148557592,1.0422999994261772
554,d66_u3,neutral,train,66,3,proxy,1,0,0,0,0,0,0,not_invoked,,1,2176,1.0731000002124347,0.0017000002117129043,0.00019999970390927047,0.0009000004865811206,0.00399999953515362,1.0836000001290813
555,d66_u4,neutral,train,66,4,proxy,1,0,0,0,0,0,0,not_invoked,,1,2176,1.081000000340282,0.0017000002117129043,0.00020000061340397224,0.0008999995770864189,0.004200000148557592,1.0917999998127925
556,d66_u6,neutral,train,66,6,proxy,1,0,0,0,0,0,0,not_invoked,,1,2176,1.0238999993816833,0.0017999991541728377,0.00030000046535860747,0.0008999995770864189,0.004100000296602957,1.03439999929833
557,d66_u7,neutral,train,66,7,proxy,1,0,0,0,0,0,0,not_invoked,,1,2176,1.0746999996626982,0.0019000008251168765,0.00019999970390927047,0.0009000004865811206,0.004099999387108255,1.0857000006581075
558,d66_u8,sad,train,66,8,proxy,1,0,0,0,0,0,0,not_invoked,,1,2176,1.0508999994272017,0.0016999993022182025,0.00030000046535860747,0.0008999995770864189,0.004000000444648322,1.061199999639939
559,d66_u9,happy,train,66,9,proxy,1,0,0,0,0,0,0,not_invoked,,1,2176,1.0474999999132706,0.0018000000636675395,0.00030000046535860747,0.0007999997251317836,0.004100000296602957,1.0581999995338265
560,d66_u10,happy,train,66,10,proxy,1,0,0,0,0,0,0,not_invoked,,1,2176,1.0855000000447035,0.0018000000636675395,0.00019999970390927047,0.0009000004865811206,0.0038999996831989847,1.0959999999613501
561,d66_u11,sad,train,66,11,proxy,1,0,0,0,0,0,0,not_invoked,,1,2176,1.0370999998485786,0.0017999991541728377,0.0002999995558639057,0.0007999997251317836,0.00399999953515362,1.0476999996171799
562,d66_u12,neutral,train,66,12,proxy,1,0,0,0,0,0,0,not_invoked,,1,2176,1.044499999807158,0.0018000000636675395,0.0002999995558639057,0.0009000004865811206,0.004099999387108255,1.055400000041118
563,d67_u1,neutral,train,67,1,proxy,1,0,0,0,0,0,0,not_invoked,,1,2176,1.0358999998061336,0.0018000000636675395,0.00019999970390927047,0.0009000004865811206,0.00399999953515362,1.0466000003361842
564,d67_u2,happy,train,67,2,proxy,1,0,0,0,0,0,0,not_invoked,,1,2176,1.0019999999713036,0.0018000000636675395,0.0002999995558639057,0.0010000003385357559,0.004399999852466863,1.0330000004614703
565,d67_u3,neutral,train,67,3,proxy,1,0,0,0,0,0,0,not_invoked,,1,2176,1.1750000003303285,0.0018000000636675395,0.00019999970390927047,0.0008999995770864189,0.004000000444648322,1.1859999995067483
566,d67_u5,happy,train,67,5,proxy,1,0,0,0,0,0,0,not_invoked,,1,2176,1.1192000001756242,0.0017000002117129043,0.00019999970390927047,0.0009000004865811206,0.0036999999792897142,1.1293999996269122
567,d67_u6,sad,train,67,6,proxy,1,0,0,0,0,0,0,not_invoked,,1,2176,1.0278999998263316,0.0017000002117129043,0.00020000061340397224,0.0008999995770864189,0.004000000444648322,1.0384999995949329
568,d67_u7,happy,train,67,7,proxy,1,0,0,0,0,0,0,not_invoked,,1,2176,1.1181999998370884,0.0018000000636675395,0.00019999970390927047,0.0009000004865811206,0.00399999953515362,1.1290000002190936
569,d67_u8,happy,train,67,8,proxy,1,0,0,0,0,0,0,not_invoked,,1,2176,1.0597000000416301,0.0018000000636675395,0.00019999970390927047,0.0009000004865811206,0.004100000296602957,1.0916000001088833
570,d67_u9,neutral,train,67,9,proxy,1,0,0,0,0,0,0,not_invoked,,1,2176,0.9546999999656691,0.0016999993022182025,0.00020000061340397224,0.0007999997251317836,0.004000000444648322,0.9650000001784065
571,d67_u10,happy,train,67,10,proxy,1,0,0,0,0,0,0,not_invoked,,1,2176,0.9828000002016779,0.0017000002117129043,0.0002999995558639057,0.0008999995770864189,0.004200000148557592,0.9935999996741884
572,d67_u11,happy,train,67,11,proxy,1,0,0,0,0,0,0,not_invoked,,1,2176,1.0151000005862443,0.0018000000636675395,0.00019999970390927047,0.0009000004865811206,0.00399999953515362,1.0255000006509363
573,d67_u12,neutral,train,67,12,proxy,1,0,0,0,0,0,0,not_invoked,,1,2176,1.0504000001674285,0.0018000000636675395,0.0002999995558639057,0.0008999995770864189,0.004100000296602957,1.061199999639939
574,d67_u13,neutral,train,67,13,proxy,1,0,0,0,0,0,0,not_invoked,,1,2176,1.045699999849603,0.0017999991541728377,0.00019999970390927047,0.0007999997251317836,0.00399999953515362,1.0562999996182043
575,d67_u14,neutral,train,67,14,proxy,1,0,0,0,0,0,0,not_invoked,,1,2176,1.0422999994261772,0.0017999991541728377,0.00019999970390927047,0.0009000004865811206,0.00399999953515362,1.0531000007176772
576,d67_u15,angry,train,67,15,proxy,1,0,0,0,0,0,0,not_invoked,,1,2176,1.0335999995731981,0.0016999993022182025,0.00030000046535860747,0.0007999997251317836,0.0038999996831989847,1.0439999996378901
577,d68_u0,angry,train,68,0,proxy,1,0,0,0,0,0,0,not_invoked,,1,2176,1.0154000001421082,0.0018999999156221747,0.00030000046535860747,0.0008999995770864189,0.004000000444648322,1.0261999996146187
578,d68_u1,happy,train,68,1,proxy,1,0,0,0,0,0,0,not_invoked,,1,2176,1.0454000002937391,0.0018999999156221747,0.00019999970390927047,0.0009000004865811206,0.004200000148557592,1.0566999999355176
579,d68_u2,neutral,train,68,2,proxy,1,0,0,0,0,0,0,not_invoked,,1,2176,1.1291000000710483,0.0018000000636675395,0.00020000061340397224,0.0007999997251317836,0.0038999996831989847,1.1392999995223363
580,d69_u0,happy,train,69,0,proxy,1,0,0,0,0,0,0,not_invoked,,1,2176,1.0520000005271868,0.0018000000636675395,0.00019999970390927047,0.0010000003385357559,0.004100000296602957,1.0627999999996973
581,d69_u1,neutral,train,69,1,proxy,1,0,0,0,0,0,0,not_invoked,,1,2176,0.9866999998848769,0.0018000000636675395,0.0002999995558639057,0.0009000004865811206,0.00399999953515362,0.9975000002668821
582,d69_u2,neutral,train,69,2,proxy,1,0,0,0,0,0,0,not_invoked,,1,2176,1.007200000458397,0.0016999993022182025,0.00020000061340397224,0.0008999995770864189,0.004099999387108255,1.017699999465549
583,d69_u4,sad,train,69,4,proxy,1,0,0,0,0,0,0,not_invoked,,1,2176,0.9871000002021901,0.0017000002117129043,0.0002999995558639057,0.0008999995770864189,0.004100000296602957,0.997799999822746
584,d69_u5,neutral,train,69,5,proxy,1,0,0,0,0,0,0,not_invoked,,1,2176,1.0823000002346816,0.0018000000636675395,0.00030000046535860747,0.0008999995770864189,0.00399999953515362,1.0929999998552375
585,d69_u6,angry,train,69,6,proxy,1,0,0,0,0,0,0,not_invoked,,1,2176,1.040600000123959,0.0018000000636675395,0.00020000061340397224,0.0008999995770864189,0.0039000005926936865,1.051299999744515
586,d70_u0,happy,train,70,0,proxy,1,0,0,0,0,0,0,not_invoked,,1,2176,1.0244999994029058,0.00199999976757681,0.00020000061340397224,0.0008999995770864189,0.004100000296602957,1.0356000002502697
587,d70_u1,neutral,train,70,1,proxy,1,0,0,0,0,0,0,not_invoked,,1,2176,1.0745999998107436,0.0018999999156221747,0.0002999995558639057,0.0009000004865811206,0.00399999953515362,1.0854000001927488
588,d70_u2,neutral,train,70,2,proxy,1,0,0,0,0,0,0,not_invoked,,1,2176,1.0105000001203734,0.0017000002117129043,0.0002999995558639057,0.0008000006346264854,0.00399999953515362,1.020799999423616
589,d70_u3,neutral,train,70,3,proxy,1,0,0,0,0,0,0,not_invoked,,1,2176,1.007200000458397,0.00199999976757681,0.00020000061340397224,0.0008999995770864189,0.00399999953515362,1.0180999997828621
590,d70_u4,neutral,train,70,4,proxy,1,0,0,0,0,0,0,not_invoked,,1,2176,1.0566999999355176,0.0017000002117129043,0.0002999995558639057,0.0009000004865811206,0.004200000148557592,1.0675000003175228
591,d70_u5,angry,train,70,5,proxy,1,0,0,0,0,0,0,not_invoked,,1,2176,1.0707000001275446,0.0018000000636675395,0.00019999970390927047,0.0009000004865811206,0.00399999953515362,1.0812000000441913
592,d70_u6,neutral,train,70,6,proxy,1,0,0,0,0,0,0,not_invoked,,1,2176,1.07300000036048,0.0019000008251168765,0.014799999917158857,0.0010000003385357559,0.0038999996831989847,1.0985999997501494
593,d70_u7,angry,train,70,7,proxy,1,0,0,0,0,0,0,not_invoked,,1,2176,1.0775000000649015,0.0017999991541728377,0.00030000046535860747,0.0009000004865811206,0.004099999387108255,1.0883000004469068
594,d70_u8,angry,train,70,8,proxy,1,0,0,0,0,0,0,not_invoked,,1,2176,1.15650000043388,0.0018000000636675395,0.00030000046535860747,0.0009000004865811206,0.004099999387108255,1.1675000005197944
595,d71_u0,neutral,train,71,0,proxy,1,0,0,0,0,0,0,not_invoked,,1,2176,1.175100000182283,0.0018000000636675395,0.00020000061340397224,0.0008999995770864189,0.00419999923906289,1.1861000002681976
596,d71_u1,neutral,train,71,1,proxy,1,0,0,0,0,0,0,not_invoked,,1,2176,1.1540999994394951,0.0017000002117129043,0.00020000061340397224,0.0008999995770864189,0.00399999953515362,1.1646999992080964
597,d72_u0,neutral,train,72,0,proxy,1,0,0,0,0,0,0,not_invoked,,1,2176,1.1565999993763398,0.002099999619531445,0.00030000046535860747,0.0008999995770864189,0.0039000005926936865,1.1677000002237037
598,d72_u2,neutral,train,72,2,proxy,1,0,0,0,0,0,0,not_invoked,,1,2176,1.156000000264612,0.0017000002117129043,0.00019999970390927047,0.0009000004865811206,0.004000000444648322,1.1665000001812587
599,d72_u4,neutral,train,72,4,proxy,1,0,0,0,0,0,0,not_invoked,,1,2176,1.0893999997279025,0.0018000000636675395,0.00019999970390927047,0.0009000004865811206,0.004200000148557592,1.100399999813817
600,d72_u5,neutral,train,72,5,proxy,1,0,0,0,0,0,0,not_invoked,,1,2176,1.0431999999127584,0.0018000000636675395,0.0002999995558639057,0.0007999997251317836,0.004000000444648322,1.053900000442809
601,d72_u6,neutral,train,72,6,proxy,1,0,0,0,0,0,0,not_invoked,,1,2176,1.0796999995363876,0.0016999993022182025,0.00020000061340397224,0.0007999997251317836,0.004399999852466863,1.0904999999183929
602,d72_u7,neutral,train,72,7,proxy,1,0,0,0,0,0,0,not_invoked,,1,2176,1.1371999999028048,0.0018000000636675395,0.00019999970390927047,0.0009000004865811206,0.0038999996831989847,1.1478000005809008
603,d73_u0,neutral,train,73,0,proxy,1,0,0,0,0,0,0,not_invoked,,1,2176,1.165499999842723,0.0017000002117129043,0.00019999970390927047,0.0009000004865811206,0.0038999996831989847,1.1760000006688642
604,d73_u1,happy,train,73,1,proxy,1,0,0,0,0,0,0,not_invoked,,1,2176,1.0930999997071922,0.0018000000636675395,0.0002999995558639057,0.0007999997251317836,0.00399999953515362,1.1035999996238388
605,d73_u2,happy,train,73,2,proxy,1,0,0,0,0,0,0,not_invoked,,1,2176,1.0645000002114102,0.0018000000636675395,0.00020000061340397224,0.0008999995770864189,0.004100000296602957,1.0752999996839208
606,d73_u3,neutral,train,73,3,proxy,1,0,0,0,0,0,0,not_invoked,,1,2176,1.0377999997217557,0.0017000002117129043,0.0002999995558639057,0.0007999997251317836,0.0037999998312443495,1.0480000000825385
607,d73_u4,neutral,train,73,4,proxy,1,0,0,0,0,0,0,not_invoked,,1,2176,1.036999999996624,0.0018000000636675395,0.00019999970390927047,0.0008999995770864189,0.004000000444648322,1.0478000003786292
608,d73_u5,neutral,train,73,5,proxy,1,0,0,0,0,0,0,not_invoked,,1,2176,1.1032000002160203,0.0017000002117129043,0.00020000061340397224,0.0008999995770864189,0.0037999998312443495,1.1133999996673083
609,d73_u7,neutral,train,73,7,proxy,1,0,0,0,0,0,0,not_invoked,,1,2176,1.0912999996435246,0.0017000002117129043,0.00030000046535860747,0.0008999995770864189,0.004000000444648322,1.1021000000255299
610,d73_u8,neutral,train,73,8,proxy,1,0,0,0,0,0,0,not_invoked,,1,2176,1.100199999200413,0.0018000000636675395,0.0002999995558639057,0.0008000006346264854,0.00399999953515362,1.1108000007880037
611,d73_u9,neutral,train,73,9,proxy,1,0,0,0,0,0,0,not_invoked,,1,2176,1.0384999995949329,0.0017999991541728377,0.00019999970390927047,0.0007999997251317836,0.00399999953515362,1.0492000001249835
612,d73_u11,neutral,train,73,11,proxy,1,0,0,0,0,0,0,not_invoked,,1,2176,0.9817999998631421,0.0017000002117129043,0.0002999995558639057,0.0008000006346264854,0.00399999953515362,0.9923000006892835
613,d74_u0,happy,train,74,0,proxy,1,0,0,0,0,0,0,not_invoked,,1,2176,1.031400000101712,0.0018000000636675395,0.00030000046535860747,0.0007999997251317836,0.004000000444648322,1.042099999722268
614,d74_u1,neutral,train,74,1,proxy,1,0,0,0,0,0,0,not_invoked,,1,2176,1.0475999997652252,0.0018000000636675395,0.00019999970390927047,0.0008999995770864189,0.004000000444648322,1.0583000002952758
615,d74_u2,neutral,train,74,2,proxy,1,0,0,0,0,0,0,not_invoked,,1,2176,1.0598999997455394,0.0018000000636675395,0.00020000061340397224,0.0008999995770864189,0.004099999387108255,1.0707000001275446
616,d74_u3,neutral,train,74,3,proxy,1,0,0,0,0,0,0,not_invoked,,1,2176,1.0044000000561937,0.0018000000636675395,0.00030000046535860747,0.0008999995770864189,0.0038999996831989847,1.014999999824795
617,d74_u5,angry,train,74,5,proxy,1,0,0,0,0,0,0,not_invoked,,1,2176,1.0066999993796344,0.0018000000636675395,0.00030000046535860747,0.0007999997251317836,0.004100000296602957,1.0173000000577304
618,d74_u6,angry,train,74,6,proxy,1,0,0,0,0,0,0,not_invoked,,1,2176,1.0806000000229687,0.0019000008251168765,0.0002999995558639057,0.0009000004865811206,0.004300000000512227,1.0917999998127925
619,d75_u0,neutral,train,75,0,proxy,1,0,0,0,0,0,0,not_invoked,,1,2176,1.0928000001513283,0.0016999993022182025,0.00020000061340397224,0.0008999995770864189,0.004000000444648322,1.103300000067975
620,d76_u0,neutral,train,76,0,proxy,1,0,0,0,0,0,0,not_invoked,,1,2176,1.0549999997238046,0.0018000000636675395,0.00020000061340397224,0.0007999997251317836,0.004100000296602957,1.0657000002538553
621,d76_u1,neutral,train,76,1,proxy,1,0,0,0,0,0,0,not_invoked,,1,2176,1.0433999996166676,0.0016999993022182025,0.00019999970390927047,0.0008999995770864189,0.00419999923906289,1.0541999999986729
622,d76_u2,neutral,train,76,2,proxy,1,0,0,0,0,0,0,not_invoked,,1,2176,1.075999999557098,0.016400000276917126,0.00019999970390927047,0.0009000004865811206,0.004099999387108255,1.1016000007657567
623,d76_u3,neutral,train,76,3,proxy,1,0,0,0,0,0,0,not_invoked,,1,2176,1.1002999999618623,0.0018999999156221747,0.00030000046535860747,0.0008999995770864189,0.00419999923906289,1.1114000008092262
624,d76_u4,neutral,train,76,4,proxy,1,0,0,0,0,0,0,not_invoked,,1,2176,1.0139999994862592,0.0017000002117129043,0.00019999970390927047,0.0008000006346264854,0.00399999953515362,1.0247000000163098
625,d76_u5,happy,train,76,5,proxy,1,0,0,0,0,0,0,not_invoked,,1,2176,1.0337000003346475,0.0018999999156221747,0.00019999970390927047,0.0010000003385357559,0.00399999953515362,1.0445000007166527
626,d76_u6,happy,train,76,6,proxy,1,0,0,0,0,0,0,not_invoked,,1,2176,1.0957000004054862,0.0018000000636675395,0.0002999995558639057,0.0008000006346264854,0.0038999996831989847,1.1060999995606835
627,d76_u7,sad,train,76,7,proxy,1,0,0,0,0,0,0,not_invoked,,1,2176,1.0651000002326327,0.0017999991541728377,0.00019999970390927047,0.0007999997251317836,0.00399999953515362,1.0757999998531886
628,d77_u0,neutral,train,77,0,proxy,1,0,0,0,0,0,0,not_invoked,,1,2176,1.0940999991362332,0.0018000000636675395,0.00019999970390927047,0.0009000004865811206,0.0038999996831989847,1.10450000011042
629,d77_u1,neutral,train,77,1,proxy,1,0,0,0,0,0,0,not_invoked,,1,2176,1.0904000000664382,0.0018000000636675395,0.00019999970390927047,0.0009000004865811206,0.004200000148557592,1.101300000300398
630,d77_u2,neutral,train,77,2,proxy,1,0,0,0,0,0,0,not_invoked,,1,2176,1.051999999617692,0.0018000000636675395,0.00019999970390927047,0.0008999995770864189,0.004000000444648322,1.062600000295788
631,d77_u3,neutral,train,77,3,proxy,1,0,0,0,0,0,0,not_invoked,,1,2176,1.0125999997399049,0.0016999993022182025,0.0002999995558639057,0.0009000004865811206,0.00399999953515362,1.0431000000608037
632,d77_u4,happy,train,77,4,proxy,1,0,0,0,0,0,0,not_invoked,,1,2176,1.0270000002492452,0.0018999999156221747,0.00019999970390927047,0.0008999995770864189,0.004000000444648322,1.0380000003351597
633,d78_u0,happy,train,78,0,proxy,1,0,0,0,0,0,0,not_invoked,,1,2176,1.0752999996839208,0.0017000002117129043,0.0002999995558639057,0.0007999997251317836,0.004000000444648322,1.0855999998966581
634,d78_u1,angry,train,78,1,proxy,1,0,0,0,0,0,0,not_invoked,,1,2176,1.0109000004376867,0.0018000000636675395,0.00019999970390927047,0.0008999995770864189,0.0039000005926936865,1.0213000005023787
635,d78_u2,angry,train,78,2,proxy,1,0,0,0,0,0,0,not_invoked,,1,2176,0.9800000007089693,0.0018000000636675395,0.0002999995558639057,0.0008999995770864189,0.004000000444648322,0.9907000003295252
636,d78_u3,neutral,train,78,3,proxy,1,0,0,0,0,0,0,not_invoked,,1,2176,1.0900000006586197,0.0018000000636675395,0.0002999995558639057,0.0008000006346264854,0.00399999953515362,1.1005999995177262
637,d79_u0,neutral,train,79,0,proxy,1,0,0,0,0,0,0,not_invoked,,1,2176,1.0305999994670856,0.0018999999156221747,0.00019999970390927047,0.0008000006346264854,0.004200000148557592,1.0416000004624948
638,d79_u2,happy,train,79,2,proxy,1,0,0,0,0,0,0,not_invoked,,1,2176,1.0122000003320863,0.0018000000636675395,0.00020000061340397224,0.0008999995770864189,0.004300000000512227,1.023699999677774
639,d79_u4,neutral,train,79,4,proxy,1,0,0,0,0,0,0,not_invoked,,1,2176,1.0687000003599678,0.0018000000636675395,0.00030000046535860747,0.0007999997251317836,0.004100000296602957,1.079300000128569
640,d79_u6,neutral,train,79,6,proxy,1,0,0,0,0,0,0,not_invoked,,1,2176,1.0368000002927147,0.0017000002117129043,0.0002999995558639057,0.0009000004865811206,0.0038999996831989847,1.0473000002093613
641,d79_u7,neutral,train,79,7,proxy,1,0,0,0,0,0,0,not_invoked,,1,2176,1.022200000079465,0.0017000002117129043,0.00019999970390927047,0.0009000004865811206,0.0038999996831989847,1.0326999999961117
642,d80_u0,neutral,train,80,0,proxy,1,0,0,0,0,0,0,not_invoked,,1,2176,1.0129000002052635,0.0018000000636675395,0.00019999970390927047,0.0009000004865811206,0.00399999953515362,1.0234999999738648
643,d80_u1,happy,train,80,1,proxy,1,0,0,0,0,0,0,not_invoked,,1,2176,1.0734000006777933,0.0017000002117129043,0.0002999995558639057,0.0009000004865811206,0.00399999953515362,1.0841000002983492
644,d80_u3,neutral,train,80,3,proxy,1,0,0,0,0,0,0,not_invoked,,1,2176,1.0939999992842786,0.0017000002117129043,0.0002999995558639057,0.0007999997251317836,0.0038999996831989847,1.104200000554556
645,d80_u4,neutral,train,80,4,proxy,1,0,0,0,0,0,0,not_invoked,,1,2176,1.029000000016822,0.0017999991541728377,0.00030000046535860747,0.0007999997251317836,0.004100000296602957,1.0395999997854233
646,d80_u5,neutral,train,80,5,proxy,1,0,0,0,0,0,0,not_invoked,,1,2176,0.9621999997762032,0.0018000000636675395,0.00019999970390927047,0.0009000004865811206,0.004100000296602957,0.9735000003274763
647,d81_u0,neutral,train,81,0,proxy,1,0,0,0,0,0,0,not_invoked,,1,2176,1.0428000005049398,0.0017000002117129043,0.00020000061340397224,0.0008999995770864189,0.004000000444648322,1.0535000001254957
648,d81_u1,neutral,train,81,1,proxy,1,0,0,0,0,0,0,not_invoked,,1,2176,0.9736000001794309,0.0018000000636675395,0.0002999995558639057,0.0007999997251317836,0.0038999996831989847,0.9839000003921683
649,d81_u2,neutral,train,81,2,proxy,1,0,0,0,0,0,0,not_invoked,,1,2176,1.1207999996258877,0.0018999999156221747,0.0002999995558639057,0.0007999997251317836,0.004099999387108255,1.1314999992464436
650,d81_u3,happy,train,81,3,proxy,1,0,0,0,0,0,0,not_invoked,,1,2176,1.0344000002078246,0.0018000000636675395,0.00020000061340397224,0.0008999995770864189,0.004100000296602957,1.044999999976426
651,d81_u5,neutral,train,81,5,proxy,1,0,0,0,0,0,0,not_invoked,,1,2176,0.9595999999874039,0.002100000529026147,0.00030000046535860747,0.0008999995770864189,0.0045000006139162,0.9713999997984502
652,d81_u6,happy,train,81,6,proxy,1,0,0,0,0,0,0,not_invoked,,1,2176,1.27749999955995,0.0018000000636675395,0.00020000061340397224,0.000999999429041054,0.00399999953515362,1.2880999993285513
653,d81_u8,happy,train,81,8,proxy,1,0,0,0,0,0,0,not_invoked,,1,2176,1.1295000003883615,0.0018000000636675395,0.00020000061340397224,0.0008999995770864189,0.004099999387108255,1.1404999995647813
654,d81_u9,neutral,train,81,9,proxy,1,0,0,0,0,0,0,not_invoked,,1,2176,1.1048000005757785,0.0018000000636675395,0.00019999970390927047,0.0009000004865811206,0.0037999998312443495,1.1152999995829305
655,d81_u10,neutral,train,81,10,proxy,1,0,0,0,0,0,0,not_invoked,,1,2176,1.0335999995731981,0.0017000002117129043,0.00030000046535860747,0.0008999995770864189,0.004100000296602957,1.0443000001032487
656,d81_u11,angry,train,81,11,proxy,1,0,0,0,0,0,0,not_invoked,,1,2176,0.9749000000738306,0.0018000000636675395,0.00019999970390927047,0.0009000004865811206,0.0038999996831989847,0.9855000007519266
657,d81_u12,neutral,train,81,12,proxy,1,0,0,0,0,0,0,not_invoked,,1,2176,1.0122999992745463,0.0018000000636675395,0.00030000046535860747,0.0008999995770864189,0.0038999996831989847,1.0228000001006876
658,d81_u13,angry,train,81,13,proxy,1,0,0,0,0,0,0,not_invoked,,1,2176,1.0765000006358605,0.0017000002117129043,0.00019999970390927047,0.0009000004865811206,0.0038999996831989847,1.0867999999391031
659,d81_u14,angry,train,81,14,proxy,1,0,0,0,0,0,0,not_invoked,,1,2176,1.0683000000426546,0.0018000000636675395,0.00030000046535860747,0.0008999995770864189,0.004000000444648322,1.0789999996632105
660,d81_u15,angry,train,81,15,proxy,1,0,0,0,0,0,0,not_invoked,,1,2176,1.1373999996067141,0.0018999999156221747,0.00020000061340397224,0.000999999429041054,0.0038999996831989847,1.1481000001367647
661,d82_u0,neutral,train,82,0,proxy,1,0,0,0,0,0,0,not_invoked,,1,2176,1.1850000000777072,0.0017999991541728377,0.00030000046535860747,0.0008999995770864189,0.004100000296602957,1.1955999998463085
662,d82_u1,neutral,train,82,1,proxy,1,0,0,0,0,0,0,not_invoked,,1,2176,1.0959999999613501,0.0018999999156221747,0.00019999970390927047,0.0010000003385357559,0.004300000000512227,1.1073999994550832
663,d82_u2,angry,train,82,2,proxy,1,0,0,0,0,0,0,not_invoked,,1,2176,1.137600000220118,0.0017000002117129043,0.00019999970390927047,0.0008999995770864189,0.023999999939405825,1.167899999927613
664,d82_u4,sad,train,82,4,proxy,1,0,0,0,0,0,0,not_invoked,,1,2176,1.0700000002543675,0.0017999991541728377,0.00019999970390927047,0.0010000003385357559,0.004099999387108255,1.0812000000441913
665,d82_u5,neutral,train,82,5,proxy,1,0,0,0,0,0,0,not_invoked,,1,2176,1.0506999997232924,0.0018000000636675395,0.00030000046535860747,0.0007999997251317836,0.004000000444648322,1.061400000253343
666,d82_u7,neutral,train,82,7,proxy,1,0,0,0,0,0,0,not_invoked,,1,2176,1.0921000002781511,0.0018000000636675395,0.00030000046535860747,0.0007999997251317836,0.0038999996831989847,1.1028999997506617
667,d82_u10,neutral,train,82,10,proxy,1,0,0,0,0,0,0,not_invoked,,1,2176,1.043500000378117,0.0018000000636675395,0.00019999970390927047,0.0009000004865811206,0.00399999953515362,1.053999999385269
668,d82_u11,neutral,train,82,11,proxy,1,0,0,0,0,0,0,not_invoked,,1,2176,1.086100000065926,0.0017000002117129043,0.0002999995558639057,0.0007999997251317836,0.0038999996831989847,1.096500000130618
669,d83_u0,neutral,train,83,0,proxy,1,0,0,0,0,0,0,not_invoked,,1,2176,1.0879999999815482,0.0018000000636675395,0.00020000061340397224,0.0008999995770864189,0.00399999953515362,1.0988999993060133
670,d83_u1,neutral,train,83,1,proxy,1,0,0,0,0,0,0,not_invoked,,1,2176,1.0729000005085254,0.0017000002117129043,0.00030000046535860747,0.0007999997251317836,0.00399999953515362,1.083199999811768
671,d83_u2,angry,train,83,2,proxy,1,0,0,0,0,0,0,not_invoked,,1,2176,1.057800000126008,0.0018000000636675395,0.00020000061340397224,0.0008999995770864189,0.0039000005926936865,1.0682000001907
672,d83_u3,neutral,train,83,3,proxy,1,0,0,0,0,0,0,not_invoked,,1,2176,1.1036999994757934,0.0017000002117129043,0.00030000046535860747,0.0008999995770864189,0.0037999998312443495,1.1143000001538894
673,d84_u1,angry,train,84,1,proxy,1,0,0,0,0,0,0,not_invoked,,1,2176,1.0687000003599678,0.0018000000636675395,0.00019999970390927047,0.0008999995770864189,0.004000000444648322,1.079300000128569
674,d84_u2,angry,train,84,2,proxy,1,0,0,0,0,0,0,not_invoked,,1,2176,1.0347999996156432,0.0018999999156221747,0.0002999995558639057,0.0009000004865811206,0.00399999953515362,1.0455999999976484
675,d84_u3,angry,train,84,3,proxy,1,0,0,0,0,0,0,not_invoked,,1,2176,1.0254999997414416,0.0018000000636675395,0.0002999995558639057,0.0008999995770864189,0.004100000296602957,1.0363000001234468
676,d84_u4,neutral,train,84,4,proxy,1,0,0,0,0,0,0,not_invoked,,1,2176,1.0023000004366622,0.0017000002117129043,0.00020000061340397224,0.0008999995770864189,0.004000000444648322,1.0125999997399049
677,d84_u5,neutral,train,84,5,proxy,1,0,0,0,0,0,0,not_invoked,,1,2176,1.0566999999355176,0.0017000002117129043,0.00030000046535860747,0.0007999997251317836,0.004100000296602957,1.0673999995560735
678,d84_u6,sad,train,84,6,proxy,1,0,0,0,0,0,0,not_invoked,,1,2176,1.0300000003553578,0.0016999993022182025,0.00020000061340397224,0.0008999995770864189,0.00399999953515362,1.040600000123959
679,d85_u0,neutral,train,85,0,proxy,1,0,0,0,0,0,0,not_invoked,,1,2176,1.0075999998662155,0.0018000000636675395,0.0002999995558639057,0.0008000006346264854,0.00399999953515362,1.0181000006923568
680,d85_u1,neutral,train,85,1,proxy,1,0,0,0,0,0,0,not_invoked,,1,2176,1.1307000004308065,0.0017000002117129043,0.00020000061340397224,0.0008999995770864189,0.0038999996831989847,1.1410999995860038
681,d85_u2,neutral,train,85,2,proxy,1,0,0,0,0,0,0,not_invoked,,1,2176,1.1580000000321888,0.0017000002117129043,0.00020000061340397224,0.0007999997251317836,0.004100000296602957,1.1686999996527447
682,d85_u3,neutral,train,85,3,proxy,1,0,0,0,0,0,0,not_invoked,,1,2176,1.0392000003776047,0.0016999993022182025,0.00030000046535860747,0.0007999997251317836,0.0038999996831989847,1.0494999996808474
683,d85_u4,neutral,train,85,4,proxy,1,0,0,0,0,0,0,not_invoked,,1,2176,1.028099999530241,0.0018999999156221747,0.0002999995558639057,0.0008000006346264854,0.004099999387108255,1.0389000008217408
684,d86_u0,neutral,train,86,0,proxy,1,0,0,0,0,0,0,not_invoked,,1,2176,1.023900000291178,0.0017000002117129043,0.00019999970390927047,0.0009000004865811206,0.0038999996831989847,1.0342000005039154
685,d86_u1,neutral,train,86,1,proxy,1,0,0,0,0,0,0,not_invoked,,1,2176,1.0030000003098394,0.0018000000636675395,0.00019999970390927047,0.0008000006346264854,0.004200000148557592,1.01379999978235
686,d86_u3,neutral,train,86,3,proxy,1,0,0,0,0,0,0,not_invoked,,1,2176,1.0980000006384216,0.0017000002117129043,0.00019999970390927047,0.0009000004865811206,0.004000000444648322,1.1087000002589775
687,d86_u4,neutral,train,86,4,proxy,1,0,0,0,0,0,0,not_invoked,,1,2176,1.0541999999986729,0.0018000000636675395,0.00019999970390927047,0.0007999997251317836,0.004100000296602957,1.0651000002326327
688,d86_u6,neutral,train,86,6,proxy,1,0,0,0,0,0,0,not_invoked,,1,2176,0.9895000002870802,0.0017000002117129043,0.00019999970390927047,0.0009000004865811206,0.0038999996831989847,0.9997999995903228
689,d86_u7,neutral,train,86,7,proxy,1,0,0,0,0,0,0,not_invoked,,1,2176,1.0254999997414416,0.0018999999156221747,0.00030000046535860747,0.0008999995770864189,0.004099999387108255,1.0363999999754014
690,d86_u8,neutral,train,86,8,proxy,1,0,0,0,0,0,0,not_invoked,,1,2176,1.0330999994039303,0.0017000002117129043,0.00019999970390927047,0.0009000004865811206,0.0038999996831989847,1.043599999320577
691,d86_u9,neutral,train,86,9,proxy,1,0,0,0,0,0,0,not_invoked,,1,2176,1.0320000001229346,0.0018000000636675395,0.0002999995558639057,0.0009000004865811206,0.004200000148557592,1.0427999995954451
692,d86_u10,happy,train,86,10,proxy,1,0,0,0,0,0,0,not_invoked,,1,2176,1.0935000000245054,0.0017000002117129043,0.00019999970390927047,0.0009000004865811206,0.0038999996831989847,1.1038999991797027
693,d87_u0,sad,train,87,0,proxy,1,0,0,0,0,0,0,not_invoked,,1,2176,1.0854999991352088,0.0017000002117129043,0.00030000046535860747,0.0009000004865811206,0.004200000148557592,1.0963000004267087
694,d87_u1,neutral,train,87,1,proxy,1,0,0,0,0,0,0,not_invoked,,1,2176,1.0544000006120768,0.0018000000636675395,0.0002999995558639057,0.0007999997251317836,0.004000000444648322,1.065000000380678
695,d87_u2,sad,train,87,2,proxy,1,0,0,0,0,0,0,not_invoked,,1,2176,1.100100000257953,0.0017999991541728377,0.0002999995558639057,0.0008000006346264854,0.00399999953515362,1.110599999265105
696,d87_u3,sad,train,87,3,proxy,1,0,0,0,0,0,0,not_invoked,,1,2176,0.9256000003006193,0.0018000000636675395,0.00019999970390927047,0.0008999995770864189,0.0037999998312443495,0.9360000003653113
697,d87_u4,happy,train,87,4,proxy,1,0,0,0,0,0,0,not_invoked,,1,2176,1.082200000382727,0.0018000000636675395,0.00019999970390927047,0.0008999995770864189,0.004300000000512227,1.0932999994111015
698,d87_u5,neutral,train,87,5,proxy,1,0,0,0,0,0,0,not_invoked,,1,2176,1.0073000003103516,0.0018000000636675395,0.00019999970390927047,0.0008000006346264854,0.00399999953515362,1.0178000002269982
699,d87_u6,neutral,train,87,6,proxy,1,0,0,0,0,0,0,not_invoked,,1,2176,1.0234000001219101,0.0018000000636675395,0.00019999970390927047,0.0009000004865811206,0.0038999996831989847,1.0339000000385568
700,d87_u7,happy,train,87,7,proxy,1,0,0,0,0,0,0,not_invoked,,1,2176,0.9785000002011657,0.0018000000636675395,0.0002999995558639057,0.0008000006346264854,0.0038999996831989847,0.9889999992083176
701,d87_u8,happy,train,87,8,proxy,1,0,0,0,0,0,0,not_invoked,,1,2176,1.026399999318528,0.0018000000636675395,0.00030000046535860747,0.0007999997251317836,0.00399999953515362,1.036999999996624
702,d87_u9,happy,train,87,9,proxy,1,0,0,0,0,0,0,not_invoked,,1,2176,1.0148000001208857,0.0017000002117129043,0.00030000046535860747,0.0008999995770864189,0.004000000444648322,1.0254999997414416
703,d88_u0,neutral,train,88,0,proxy,1,0,0,0,0,0,0,not_invoked,,1,2176,1.0388000000602915,0.0018000000636675395,0.00019999970390927047,0.0009000004865811206,0.004100000296602957,1.049800000146206
704,d88_u1,happy,train,88,1,proxy,1,0,0,0,0,0,0,not_invoked,,1,2176,1.0782999997900333,0.0017999991541728377,0.00030000046535860747,0.0008999995770864189,0.0039000005926936865,1.0886000000027707
705,d88_u2,neutral,train,88,2,proxy,1,0,0,0,0,0,0,not_invoked,,1,2176,0.9079000001293025,0.0018000000636675395,0.00019999970390927047,0.0008999995770864189,0.0039000005926936865,0.9184000000459491
706,d88_u3,neutral,train,88,3,proxy,1,0,0,0,0,0,0,not_invoked,,1,2176,1.0082999997393927,0.0020000006770715117,0.00019999970390927047,0.0008999995770864189,0.004100000296602957,1.0195000004387111
707,d89_u0,angry,train,89,0,proxy,1,0,0,0,0,0,0,not_invoked,,1,2176,1.0197000001426204,0.0018000000636675395,0.0002999995558639057,0.0007999997251317836,0.004000000444648322,1.0302999999112217
708,d89_u1,neutral,train,89,1,proxy,1,0,0,0,0,0,0,not_invoked,,1,2176,1.0636999995767837,0.002099999619531445,0.0002999995558639057,0.0010000003385357559,0.004499999704421498,1.075900000614638
709,d89_u2,happy,train,89,2,proxy,1,0,0,0,0,0,0,not_invoked,,1,2176,1.2590999995154561,0.0018999999156221747,0.00030000046535860747,0.000999999429041054,0.004499999704421498,1.2710000000879518
710,d89_u4,neutral,train,89,4,proxy,1,0,0,0,0,0,0,not_invoked,,1,2176,1.2822999997297302,0.00199999976757681,0.00030000046535860747,0.0009000004865811206,0.004200000148557592,1.2937999999849126
711,d89_u5,neutral,train,89,5,proxy,1,0,0,0,0,0,0,not_invoked,,1,2176,1.2405999996190076,0.0018999999156221747,0.00019999970390927047,0.0010000003385357559,0.004100000296602957,1.251599999704922
712,d89_u6,happy,train,89,6,proxy,1,0,0,0,0,0,0,not_invoked,,1,2176,1.0745999998107436,0.0017000002117129043,0.00019999970390927047,0.0009000004865811206,0.004099999387108255,1.085100000636885
713,d89_u7,happy,train,89,7,proxy,1,0,0,0,0,0,0,not_invoked,,1,2176,1.0513000006540096,0.00199999976757681,0.00019999970390927047,0.0008999995770864189,0.00399999953515362,1.0624999995343387
714,d89_u8,neutral,train,89,8,proxy,1,0,0,0,0,0,0,not_invoked,,1,2176,1.0836000001290813,0.0017000002117129043,0.00019999970390927047,0.0007999997251317836,0.0039000005926936865,1.094100000045728
715,d89_u9,angry,train,89,9,proxy,1,0,0,0,0,0,0,not_invoked,,1,2176,1.0482999996384024,0.0018000000636675395,0.0002999995558639057,0.0008000006346264854,0.004099999387108255,1.059200000781857
716,d89_u11,angry,train,89,11,proxy,1,0,0,0,0,0,0,not_invoked,,1,2176,1.013500000226486,0.0018000000636675395,0.00019999970390927047,0.0009000004865811206,0.004499999704421498,1.024899999720219
717,d89_u15,neutral,train,89,15,proxy,1,0,0,0,0,0,0,not_invoked,,1,2176,0.9363999997731298,0.0018999999156221747,0.00030000046535860747,0.0008999995770864189,0.004099999387108255,0.9471999992456404
718,d89_u16,happy,train,89,16,proxy,1,0,0,0,0,0,0,not_invoked,,1,2176,1.1119000000689994,0.0018999999156221747,0.00030000046535860747,0.0009000004865811206,0.00419999923906289,1.1230000000068685
719,d91_u0,angry,train,91,0,proxy,1,0,0,0,0,0,0,not_invoked,,1,2176,0.9904000007736613,0.0015999994502635673,0.00030000046535860747,0.0007999997251317836,0.004300000000512227,1.0012000002461718
720,d92_u0,angry,train,92,0,proxy,1,0,0,0,0,0,0,not_invoked,,1,2176,1.021299999592884,0.0017000002117129043,0.00030000046535860747,0.0007999997251317836,0.0039000005926936865,1.0315999998056213
721,d92_u1,neutral,train,92,1,proxy,1,0,0,0,0,0,0,not_invoked,,1,2176,1.0037000001830165,0.0018000000636675395,0.00020000061340397224,0.0008999995770864189,0.004099999387108255,1.0143999998035724
722,d93_u0,neutral,train,93,0,proxy,1,0,0,0,0,0,0,not_invoked,,1,2176,1.0186999998040847,0.0018000000636675395,0.00020000061340397224,0.0007999997251317836,0.004000000444648322,1.0290999998687766
723,d93_u1,neutral,train,93,1,proxy,1,0,0,0,0,0,0,not_invoked,,1,2176,1.0075999998662155,0.0018000000636675395,0.00019999970390927047,0.0009000004865811206,0.004099999387108255,1.0184000002482207
724,d93_u2,neutral,train,93,2,proxy,1,0,0,0,0,0,0,not_invoked,,1,2176,1.0448000002725166,0.0018000000636675395,0.0002999995558639057,0.0008000006346264854,0.00399999953515362,1.0554999998930725
725,d93_u4,neutral,train,93,4,proxy,1,0,0,0,0,0,0,not_invoked,,1,2176,1.064099999894097,0.0018999999156221747,0.0002999995558639057,0.0009000004865811206,0.00399999953515362,1.0749000002761022
726,d94_u0,neutral,train,94,0,proxy,1,0,0,0,0,0,0,not_invoked,,1,2176,1.0429000003568945,0.0018999999156221747,0.0002999995558639057,0.0008000006346264854,0.0038999996831989847,1.0533999993640464
727,d94_u1,neutral,train,94,1,proxy,1,0,0,0,0,0,0,not_invoked,,1,2176,1.0492000001249835,0.0018000000636675395,0.00019999970390927047,0.0009000004865811206,0.004000000444648322,1.0597999998935848
728,d94_u3,neutral,train,94,3,proxy,1,0,0,0,0,0,0,not_invoked,,1,2176,1.041100000293227,0.0018999999156221747,0.00020000061340397224,0.0008999995770864189,0.004099999387108255,1.0521999993216014
729,d94_u6,angry,train,94,6,proxy,1,0,0,0,0,0,0,not_invoked,,1,2176,1.0557999994489364,0.001600000359758269,0.0002999995558639057,0.0009000004865811206,0.025299999833805487,1.0879999999815482
730,d94_u7,sad,train,94,7,proxy,1,0,0,0,0,0,0,not_invoked,,1,2176,1.1314000003039837,0.0017000002117129043,0.00019999970390927047,0.0009000004865811206,0.0038999996831989847,1.1419000002206303
731,d94_u8,neutral,train,94,8,proxy,1,0,0,0,0,0,0,not_invoked,,1,2176,1.0886000000027707,0.0018000000636675395,0.0002999995558639057,0.0008000006346264854,0.00399999953515362,1.0992000006808667
732,d94_u9,neutral,train,94,9,proxy,1,0,0,0,0,0,0,not_invoked,,1,2176,1.114400000005844,0.0017000002117129043,0.00030000046535860747,0.0007999997251317836,0.0038000007407390513,1.1246000003666268
733,d94_u10,happy,train,94,10,proxy,1,0,0,0,0,0,0,not_invoked,,1,2176,1.063800000338233,0.00199999976757681,0.00019999970390927047,0.000999999429041054,0.004100000296602957,1.0746999996626982
734,d94_u11,happy,train,94,11,proxy,1,0,0,0,0,0,0,not_invoked,,1,2176,1.0283000001436449,0.0018000000636675395,0.00030000046535860747,0.0008999995770864189,0.004100000296602957,1.03919999946811
735,d94_u12,neutral,train,94,12,proxy,1,0,0,0,0,0,0,not_invoked,,1,2176,1.0234000001219101,0.0018000000636675395,0.00030000046535860747,0.0007999997251317836,0.004000000444648322,1.034099999742466
736,d94_u13,happy,train,94,13,proxy,1,0,0,0,0,0,0,not_invoked,,1,2176,1.0615999999572523,0.00199999976757681,0.00030000046535860747,0.0010000003385357559,0.004599999556376133,1.0736000003817026
737,d94_u14,neutral,train,94,14,proxy,1,0,0,0,0,0,0,not_invoked,,1,2176,1.1992999998255982,0.0018000000636675395,0.00030000046535860747,0.0009000004865811206,0.004099999387108255,1.210200000059558
738,d94_u15,happy,train,94,15,proxy,1,0,0,0,0,0,0,not_invoked,,1,2176,1.1438999999882071,0.0018000000636675395,0.00019999970390927047,0.0008999995770864189,0.0039000005926936865,1.1543999999048538
739,d95_u0,happy,train,95,0,proxy,1,0,0,0,0,0,0,not_invoked,,1,2176,1.0634000000209198,0.0019000008251168765,0.00019999970390927047,0.0007999997251317836,0.004099999387108255,1.074299999345385
740,d95_u2,neutral,train,95,2,proxy,1,0,0,0,0,0,0,not_invoked,,1,2176,1.019599999381171,0.0018999999156221747,0.00019999970390927047,0.0008999995770864189,0.0038999996831989847,1.0301000002073124
741,d95_u3,neutral,train,95,3,proxy,1,0,0,0,0,0,0,not_invoked,,1,2176,1.010899999528192,0.0016999993022182025,0.00030000046535860747,0.0007999997251317836,0.00419999923906289,1.0218000006716466
742,d95_u4,happy,train,95,4,proxy,1,0,0,0,0,0,0,not_invoked,,1,2176,1.0689999999158317,0.0018000000636675395,0.00019999970390927047,0.0007999997251317836,0.0038999996831989847,1.0794999998324784
743,d95_u5,happy,train,95,5,proxy,1,0,0,0,0,0,0,not_invoked,,1,2176,1.063800000338233,0.0018000000636675395,0.0002999995558639057,0.0007999997251317836,0.00399999953515362,1.0743000002548797
744,d95_u8,angry,train,95,8,proxy,1,0,0,0,0,0,0,not_invoked,,1,2176,1.0400000001027365,0.0017000002117129043,0.00019999970390927047,0.0008999995770864189,0.0039000005926936865,1.0505000000193832
745,d95_u9,neutral,train,95,9,proxy,1,0,0,0,0,0,0,not_invoked,,1,2176,0.9855999996943865,0.0018999999156221747,0.00020000061340397224,0.0008999995770864189,0.004200000148557592,0.9964000000763917
746,d95_u10,neutral,train,95,10,proxy,1,0,0,0,0,0,0,not_invoked,,1,2176,1.0854000001927488,0.0017000002117129043,0.00019999970390927047,0.0007999997251317836,0.0039000005926936865,1.0955999996440369
747,d95_u11,neutral,train,95,11,proxy,1,0,0,0,0,0,0,not_invoked,,1,2176,1.0496000004422967,0.0018000000636675395,0.00019999970390927047,0.0008999995770864189,0.004200000148557592,1.0603999999148073
748,d95_u13,neutral,train,95,13,proxy,1,0,0,0,0,0,0,not_invoked,,1,2176,1.0412999999971362,0.0018000000636675395,0.00020000061340397224,0.0008999995770864189,0.004100000296602957,1.051999999617692
749,d95_u14,neutral,train,95,14,proxy,1,0,0,0,0,0,0,not_invoked,,1,2176,1.0981000004903763,0.0018000000636675395,0.00019999970390927047,0.0009000004865811206,0.004000000444648322,1.1088000001109322
750,d95_u15,neutral,train,95,15,proxy,1,0,0,0,0,0,0,not_invoked,,1,2176,1.01859999995213,0.001600000359758269,0.00019999970390927047,0.0009000004865811206,0.00399999953515362,1.028799999403418
751,d95_u16,neutral,train,95,16,proxy,1,0,0,0,0,0,0,not_invoked,,1,2176,1.0543000007601222,0.0018999999156221747,0.00020000061340397224,0.0008999995770864189,0.004000000444648322,1.0653999997884966
752,d95_u17,neutral,train,95,17,proxy,1,0,0,0,0,0,0,not_invoked,,1,2176,1.0434999994686223,0.0016999993022182025,0.00020000061340397224,0.0008999995770864189,0.0038999996831989847,1.0540000002947636
753,d96_u0,neutral,train,96,0,proxy,1,0,0,0,0,0,0,not_invoked,,1,2176,1.004099999590835,0.0018000000636675395,0.00020000061340397224,0.0007999997251317836,0.004000000444648322,1.014700000268931
754,d96_u1,neutral,train,96,1,proxy,1,0,0,0,0,0,0,not_invoked,,1,2176,0.9626999999454711,0.0018000000636675395,0.00030000046535860747,0.0008999995770864189,0.0039000005926936865,0.9730000001582084
755,d96_u2,neutral,train,96,2,proxy,1,0,0,0,0,0,0,not_invoked,,1,2176,0.9937000004356378,0.0018000000636675395,0.0002999995558639057,0.0008999995770864189,0.004000000444648322,1.0044000000561937
756,d96_u3,neutral,train,96,3,proxy,1,0,0,0,0,0,0,not_invoked,,1,2176,1.0179999999309075,0.0018000000636675395,0.00019999970390927047,0.0008999995770864189,0.004200000148557592,1.0288000003129127
757,d96_u4,neutral,train,96,4,proxy,1,0,0,0,0,0,0,not_invoked,,1,2176,1.0170999994443264,0.0018000000636675395,0.00019999970390927047,0.0009000004865811206,0.004200000148557592,1.0279999996782863
758,d97_u0,neutral,train,97,0,proxy,1,0,0,0,0,0,0,not_invoked,,1,2176,1.0704999995141407,0.0018000000636675395,0.00019999970390927047,0.0008000006346264854,0.00399999953515362,1.0811000001922366
759,d97_u1,neutral,train,97,1,proxy,1,0,0,0,0,0,0,not_invoked,,1,2176,1.0262000005241134,0.0018000000636675395,0.0002999995558639057,0.0008999995770864189,0.004000000444648322,1.0369000001446693
760,d97_u2,neutral,train,97,2,proxy,1,0,0,0,0,0,0,not_invoked,,1,2176,0.9752999994816491,0.0017000002117129043,0.00019999970390927047,0.0008999995770864189,0.0039000005926936865,0.9857000004558358
761,d97_u3,angry,train,97,3,proxy,1,0,0,0,0,0,0,not_invoked,,1,2176,1.031199999488308,0.0018000000636675395,0.00019999970390927047,0.0009000004865811206,0.0038999996831989847,1.0419999998703133
762,d98_u1,neutral,train,98,1,proxy,1,0,0,0,0,0,0,not_invoked,,1,2176,1.0787999999593012,0.0018999999156221747,0.0002999995558639057,0.0008000006346264854,0.004099999387108255,1.0896000003413064
763,d99_u0,happy,train,99,0,proxy,1,0,0,0,0,0,0,not_invoked,,1,2176,1.08390000059444,0.00199999976757681,0.00030000046535860747,0.0009000004865811206,0.004200000148557592,1.095000000532309
764,d99_u1,happy,train,99,1,proxy,1,0,0,0,0,0,0,not_invoked,,1,2176,1.0639999991326476,0.0017000002117129043,0.00019999970390927047,0.0008000006346264854,0.0038999996831989847,1.074499999958789
765,d99_u2,happy,train,99,2,proxy,1,0,0,0,0,0,0,not_invoked,,1,2176,1.0651000002326327,0.0017000002117129043,0.00030000046535860747,0.000999999429041054,0.00399999953515362,1.075999999557098
766,d99_u3,happy,train,99,3,proxy,1,0,0,0,0,0,0,not_invoked,,1,2176,1.111999999920954,0.0024000000848900527,0.00030000046535860747,0.0010999992809956893,0.004999999873689376,1.1252000003878493
767,d99_u4,neutral,train,99,4,proxy,1,0,0,0,0,0,0,not_invoked,,1,2176,1.1647000001175911,0.0018000000636675395,0.0002999995558639057,0.0008000006346264854,0.004300000000512227,1.1758000000554603
768,d99_u6,neutral,train,99,6,proxy,1,0,0,0,0,0,0,not_invoked,,1,2176,1.0867999999391031,0.0018000000636675395,0.0002999995558639057,0.0009000004865811206,0.0038999996831989847,1.0975000004691537
769,d99_u7,angry,train,99,7,proxy,1,0,0,0,0,0,0,not_invoked,,1,2176,1.0257000003548455,0.0017000002117129043,0.00030000046535860747,0.0008999995770864189,0.004000000444648322,1.0363999999754014
770,d99_u8,happy,train,99,8,proxy,1,0,0,0,0,0,0,not_invoked,,1,2176,1.036499999827356,0.0016999993022182025,0.00020000061340397224,0.0008999995770864189,0.0039000005926936865,1.046899999892048
771,d99_u9,neutral,train,99,9,proxy,1,0,0,0,0,0,0,not_invoked,,1,2176,1.0228999999526422,0.0018000000636675395,0.00019999970390927047,0.0009000004865811206,0.004099999387108255,1.0338000001866021
772,d99_u10,neutral,train,99,10,proxy,1,0,0,0,0,0,0,not_invoked,,1,2176,1.0700000002543675,0.00199999976757681,0.00019999970390927047,0.0009000004865811206,0.0038999996831989847,1.0951000003842637
773,d99_u11,angry,train,99,11,proxy,1,0,0,0,0,0,0,not_invoked,,1,2176,1.1142000003019348,0.0018999999156221747,0.0002999995558639057,0.0008999995770864189,0.004000000444648322,1.124800000070536
774,d99_u12,neutral,train,99,12,proxy,1,0,0,0,0,0,0,not_invoked,,1,2176,1.0821999994732323,0.0017000002117129043,0.0002999995558639057,0.0007999997251317836,0.004000000444648322,1.0925000005954644
775,d99_u13,happy,train,99,13,proxy,1,0,0,0,0,0,0,not_invoked,,1,2176,1.074200000402925,0.0018999999156221747,0.00030000046535860747,0.0007999997251317836,0.00419999923906289,1.0852000004888396
776,d99_u14,neutral,train,99,14,proxy,1,0,0,0,0,0,0,not_invoked,,1,2176,1.0701000001063221,0.0017000002117129043,0.0002999995558639057,0.0007999997251317836,0.004000000444648322,1.080500000171014
777,d99_u15,neutral,train,99,15,proxy,1,0,0,0,0,0,0,not_invoked,,1,2176,1.0640000000421423,0.0018000000636675395,0.00020000061340397224,0.0007999997251317836,0.00419999923906289,1.0750000001280569
778,d99_u16,neutral,train,99,16,proxy,1,0,0,0,0,0,0,not_invoked,,1,2176,0.992900000710506,0.0016999993022182025,0.00030000046535860747,0.0007999997251317836,0.0039000005926936865,1.0030000003098394
779,d99_u17,angry,train,99,17,proxy,1,0,0,0,0,0,0,not_invoked,,1,2176,1.0955999996440369,0.0016999993022182025,0.00030000046535860747,0.0009000004865811206,0.004099999387108255,1.1063000001740875
780,d99_u18,neutral,train,99,18,proxy,1,0,0,0,0,0,0,not_invoked,,1,2176,1.1177999995197752,0.0016999993022182025,0.00019999970390927047,0.0009000004865811206,0.004099999387108255,1.1285000000498258
781,d100_u0,neutral,train,100,0,proxy,1,0,0,0,0,0,0,not_invoked,,1,2176,1.0644000003594556,0.0018000000636675395,0.00019999970390927047,0.0008000006346264854,0.00399999953515362,1.0750999999800115
782,d100_u1,neutral,train,100,1,proxy,1,0,0,0,0,0,0,not_invoked,,1,2176,1.0317999995095306,0.0018000000636675395,0.00030000046535860747,0.0007999997251317836,0.0039000005926936865,1.042300000335672
783,d100_u2,neutral,train,100,2,proxy,1,0,0,0,0,0,0,not_invoked,,1,2176,1.0059000005639973,0.0018000000636675395,0.00019999970390927047,0.0008000006346264854,0.00399999953515362,1.016400000480644
784,d100_u4,neutral,train,100,4,proxy,1,0,0,0,0,0,0,not_invoked,,1,2176,1.011100000141596,0.0018000000636675395,0.0002999995558639057,0.0007999997251317836,0.004000000444648322,1.0216999999101972
785,d100_u5,neutral,train,100,5,proxy,1,0,0,0,0,0,0,not_invoked,,1,2176,0.985200000286568,0.0018000000636675395,0.00020000061340397224,0.0008999995770864189,0.0039000005926936865,0.9958999999071239
786,d100_u6,neutral,train,100,6,proxy,1,0,0,0,0,0,0,not_invoked,,1,2176,1.0501999995540245,0.0017000002117129043,0.0002999995558639057,0.0008000006346264854,0.004100000296602957,1.0606000005282112
787,d101_u0,neutral,train,101,0,proxy,1,0,0,0,0,0,0,not_invoked,,1,2176,1.014499999655527,0.0018000000636675395,0.00030000046535860747,0.0008999995770864189,0.004000000444648322,1.0451999996803352
788,d102_u0,neutral,train,102,0,proxy,1,0,0,0,0,0,0,not_invoked,,1,2176,1.0664000001270324,0.0017000002117129043,0.00020000061340397224,0.0008999995770864189,0.004099999387108255,1.0770999997475883
789,d102_u1,neutral,train,102,1,proxy,1,0,0,0,0,0,0,not_invoked,,1,2176,1.0266999997838866,0.0017000002117129043,0.0002999995558639057,0.0007999997251317836,0.004100000296602957,1.0373000004619826
790,d102_u2,neutral,train,102,2,proxy,1,0,0,0,0,0,0,not_invoked,,1,2176,0.9623000005376525,0.0018000000636675395,0.00020000061340397224,0.0007999997251317836,0.004100000296602957,0.9727999995448045
791,d103_u0,happy,train,103,0,proxy,1,0,0,0,0,0,0,not_invoked,,1,2176,1.004099999590835,0.0018999999156221747,0.0002999995558639057,0.0007999997251317836,0.00399999953515362,1.0148000001208857
792,d103_u1,neutral,train,103,1,proxy,1,0,0,0,0,0,0,not_invoked,,1,2176,1.0384999995949329,0.0016999993022182025,0.00019999970390927047,0.02190000031987438,0.004399999852466863,1.0704999995141407
793,d103_u3,happy,train,103,3,proxy,1,0,0,0,0,0,0,not_invoked,,1,2176,1.0893999997279025,0.0018000000636675395,0.00030000046535860747,0.0008999995770864189,0.004200000148557592,1.1002999999618623
794,d103_u4,neutral,train,103,4,proxy,1,0,0,0,0,0,0,not_invoked,,1,2176,1.141000000643544,0.0017000002117129043,0.0002999995558639057,0.0009000004865811206,0.004000000444648322,1.1517000002640998
795,d103_u5,neutral,train,103,5,proxy,1,0,0,0,0,0,0,not_invoked,,1,2176,1.0788999998112558,0.0018999999156221747,0.00019999970390927047,0.0009000004865811206,0.004100000296602957,1.0898000000452157
796,d103_u6,happy,train,103,6,proxy,1,0,0,0,0,0,0,not_invoked,,1,2176,1.1825000001408625,0.0017000002117129043,0.0002999995558639057,0.0007999997251317836,0.004000000444648322,1.1929000002055545
797,d103_u7,happy,train,103,7,proxy,1,0,0,0,0,0,0,not_invoked,,1,2176,1.2243999999554944,0.0018000000636675395,0.00019999970390927047,0.0008000006346264854,0.004099999387108255,1.2352000003374997
798,d104_u1,happy,train,104,1,proxy,1,0,0,0,0,0,0,not_invoked,,1,2176,1.0963999993691687,0.0015999994502635673,0.00030000046535860747,0.0007999997251317836,0.0039000005926936865,1.106600000639446
799,d106_u0,neutral,train,106,0,proxy,1,0,0,0,0,0,0,not_invoked,,1,2176,1.0873999999603257,0.0018999999156221747,0.00019999970390927047,0.0009000004865811206,0.00399999953515362,1.098200000342331
800,d106_u2,neutral,train,106,2,proxy,1,0,0,0,0,0,0,not_invoked,,1,2176,1.069100000677281,0.0017000002117129043,0.00019999970390927047,0.0009000004865811206,0.0038999996831989847,1.0794999998324784
801,d106_u3,neutral,train,106,3,proxy,1,0,0,0,0,0,0,not_invoked,,1,2176,1.0226000003967783,0.0017000002117129043,0.0002999995558639057,0.0009000004865811206,0.004000000444648322,1.0333000000173342
802,d106_u4,neutral,train,106,4,proxy,1,0,0,0,0,0,0,not_invoked,,1,2176,0.9991000006266404,0.0018000000636675395,0.00019999970390927047,0.0009000004865811206,0.0038999996831989847,1.0094999997818377
803,d107_u0,neutral,train,107,0,proxy,1,0,0,0,0,0,0,not_invoked,,1,2176,1.0589000003164983,0.0018000000636675395,0.00020000061340397224,0.0009000004865811206,0.0038999996831989847,1.0696999997890089
804,d107_u1,neutral,train,107,1,proxy,1,0,0,0,0,0,0,not_invoked,,1,2176,1.0737000002336572,0.0017000002117129043,0.00019999970390927047,0.0008999995770864189,0.004000000444648322,1.0842000001503038
805,d107_u2,neutral,train,107,2,proxy,1,0,0,0,0,0,0,not_invoked,,1,2176,1.0860000002139714,0.0017000002117129043,0.00019999970390927047,0.0009000004865811206,0.00399999953515362,1.0965999999825726
806,d107_u4,neutral,train,107,4,proxy,1,0,0,0,0,0,0,not_invoked,,1,2176,0.9931000004144153,0.0017000002117129043,0.0002999995558639057,0.0008999995770864189,0.0039000005926936865,1.003600000331062
807,d107_u5,happy,train,107,5,proxy,1,0,0,0,0,0,0,not_invoked,,1,2176,0.9921000000758795,0.0018000000636675395,0.00019999970390927047,0.0008999995770864189,0.0039000005926936865,1.0026999998444808
808,d107_u6,neutral,train,107,6,proxy,1,0,0,0,0,0,0,not_invoked,,1,2176,0.9197999997923034,0.0018000000636675395,0.00020000061340397224,0.0008999995770864189,0.004099999387108255,0.9304999994128593
809,d107_u7,neutral,train,107,7,proxy,1,0,0,0,0,0,0,not_invoked,,1,2176,1.0874999998122803,0.0018999999156221747,0.00019999970390927047,0.0009000004865811206,0.004099999387108255,1.0986000006596441
810,d107_u8,neutral,train,107,8,proxy,1,0,0,0,0,0,0,not_invoked,,1,2176,0.9976999999707914,0.0017000002117129043,0.00019999970390927047,0.0007999997251317836,0.004000000444648322,1.0081000000354834
811,d107_u9,neutral,train,107,9,proxy,1,0,0,0,0,0,0,not_invoked,,1,2176,0.9157000004051952,0.0017000002117129043,0.00019999970390927047,0.0009000004865811206,0.004100000296602957,0.9264000000257511
812,d107_u10,neutral,train,107,10,proxy,1,0,0,0,0,0,0,not_invoked,,1,2176,1.086100000065926,0.0018000000636675395,0.00019999970390927047,0.0008999995770864189,0.004000000444648322,1.0965999999825726
813,d108_u0,neutral,train,108,0,proxy,1,0,0,0,0,0,0,not_invoked,,1,2176,0.9774000000106753,0.0018999999156221747,0.00019999970390927047,0.0008999995770864189,0.004000000444648322,0.9883000002446352
814,d108_u1,neutral,train,108,1,proxy,1,0,0,0,0,0,0,not_invoked,,1,2176,1.0542999998506275,0.0018000000636675395,0.00019999970390927047,0.0008999995770864189,0.004000000444648322,1.0648999996192288
815,d108_u2,happy,train,108,2,proxy,1,0,0,0,0,0,0,not_invoked,,1,2176,1.0640000000421423,0.0018000000636675395,0.00030000046535860747,0.0008999995770864189,0.004000000444648322,1.0746999996626982
816,d108_u3,neutral,train,108,3,proxy,1,0,0,0,0,0,0,not_invoked,,1,2176,1.1044000002584653,0.0016999993022182025,0.00030000046535860747,0.0008999995770864189,0.00399999953515362,1.1150000000270666
817,d108_u4,happy,train,108,4,proxy,1,0,0,0,0,0,0,not_invoked,,1,2176,1.0440999994898448,0.0018000000636675395,0.00019999970390927047,0.0008000006346264854,0.004300000000512227,1.055100000485254
818,d108_u5,neutral,train,108,5,proxy,1,0,0,0,0,0,0,not_invoked,,1,2176,0.9870000003502355,0.0018000000636675395,0.0002999995558639057,0.0008000006346264854,0.0038999996831989847,0.9975000002668821
819,d108_u6,neutral,train,108,6,proxy,1,0,0,0,0,0,0,not_invoked,,1,2176,1.0386000003563822,0.0018000000636675395,0.0002999995558639057,0.0008999995770864189,0.004100000296602957,1.0494999996808474
820,d109_u0,neutral,train,109,0,proxy,1,0,0,0,0,0,0,not_invoked,,1,2176,1.0419999998703133,0.0018000000636675395,0.00030000046535860747,0.0007999997251317836,0.0038000007407390513,1.052200000231096
821,d109_u3,angry,train,109,3,proxy,1,0,0,0,0,0,0,not_invoked,,1,2176,1.0407999998278683,0.0018000000636675395,0.00019999970390927047,0.0009000004865811206,0.0073999999585794285,1.05489999987185
822,d109_u4,happy,train,109,4,proxy,1,0,0,0,0,0,0,not_invoked,,1,2176,1.0946000002149958,0.0016999993022182025,0.00020000061340397224,0.0008999995770864189,0.0038000007407390513,1.1049000004277332
823,d109_u5,happy,train,109,5,proxy,1,0,0,0,0,0,0,not_invoked,,1,2176,1.069400000233145,0.0018999999156221747,0.00020000061340397224,0.0008999995770864189,0.004000000444648322,1.0800000000017462
824,d109_u6,sad,train,109,6,proxy,1,0,0,0,0,0,0,not_invoked,,1,2176,1.146800000242365,0.0018000000636675395,0.00019999970390927047,0.022000000171829015,0.0045000006139162,1.1791999995693914
825,d109_u7,sad,train,109,7,proxy,1,0,0,0,0,0,0,not_invoked,,1,2176,1.1355999995430466,0.0016999993022182025,0.00019999970390927047,0.0007999997251317836,0.0038999996831989847,1.1461999993116478
826,d109_u8,sad,train,109,8,proxy,1,0,0,0,0,0,0,not_invoked,,1,2176,1.0470999995959573,0.0018999999156221747,0.00019999970390927047,0.0008000006346264854,0.0038999996831989847,1.057599999512604
827,d109_u9,happy,train,109,9,proxy,1,0,0,0,0,0,0,not_invoked,,1,2176,1.0252000001855777,0.0018000000636675395,0.00019999970390927047,0.0009000004865811206,0.004000000444648322,1.0358999998061336
828,d109_u10,neutral,train,109,10,proxy,1,0,0,0,0,0,0,not_invoked,,1,2176,0.9899999995468534,0.0018000000636675395,0.00030000046535860747,0.0008999995770864189,0.004100000296602957,1.0006000002249493
829,d109_u11,neutral,train,109,11,proxy,1,0,0,0,0,0,0,not_invoked,,1,2176,1.0454000002937391,0.0018999999156221747,0.00020000061340397224,0.0008999995770864189,0.004099999387108255,1.056399999470159
830,d109_u12,neutral,train,109,12,proxy,1,0,0,0,0,0,0,not_invoked,,1,2176,1.131600000007893,0.0018000000636675395,0.00019999970390927047,0.0009000004865811206,0.004000000444648322,1.1423000005379436
831,d109_u13,neutral,train,109,13,proxy,1,0,0,0,0,0,0,not_invoked,,1,2176,1.121199999943201,0.0018000000636675395,0.00019999970390927047,0.0009000004865811206,0.00399999953515362,1.153300000623858
832,d109_u14,neutral,train,109,14,proxy,1,0,0,0,0,0,0,not_invoked,,1,2176,1.0641999997460516,0.0016999993022182025,0.00020000061340397224,0.0007999997251317836,0.004000000444648322,1.074499999958789
833,d109_u15,angry,train,109,15,proxy,1,0,0,0,0,0,0,not_invoked,,1,2176,1.066499999978987,0.0018000000636675395,0.0002999995558639057,0.0009000004865811206,0.00399999953515362,1.0772000005090376
834,d109_u20,angry,train,109,20,proxy,1,0,0,0,0,0,0,not_invoked,,1,2176,1.1273999998593354,0.0018000000636675395,0.00030000046535860747,0.0008999995770864189,0.004099999387108255,1.1382999991838005
835,d109_u21,happy,train,109,21,proxy,1,0,0,0,0,0,0,not_invoked,,1,2176,1.065000000380678,0.0018999999156221747,0.00019999970390927047,0.0009000004865811206,0.004099999387108255,1.0760000004665926
836,d110_u0,neutral,train,110,0,proxy,1,0,0,0,0,0,0,not_invoked,,1,2176,0.9986999993998324,0.0018999999156221747,0.00019999970390927047,0.0008999995770864189,0.004000000444648322,1.0095999996337923
837,d110_u3,angry,train,110,3,proxy,1,0,0,0,0,0,0,not_invoked,,1,2176,1.0518999997657374,0.0018000000636675395,0.00020000061340397224,0.0008999995770864189,0.004100000296602957,1.0625999993862933
838,d110_u4,neutral,train,110,4,proxy,1,0,0,0,0,0,0,not_invoked,,1,2176,1.0996000000886852,0.0018000000636675395,0.00020000061340397224,0.0008999995770864189,0.004000000444648322,1.1101999998572865
839,d110_u5,happy,train,110,5,proxy,1,0,0,0,0,0,0,not_invoked,,1,2176,1.0469000008015428,0.0018000000636675395,0.00020000061340397224,0.0008999995770864189,0.004000000444648322,1.0578999999779626
840,d111_u0,happy,train,111,0,proxy,1,0,0,0,0,0,0,not_invoked,,1,2176,1.0030000003098394,0.0018000000636675395,0.00020000061340397224,0.0008999995770864189,0.0039000005926936865,1.0136000000784406
841,d111_u2,happy,train,111,2,proxy,1,0,0,0,0,0,0,not_invoked,,1,2176,0.9998999994422775,0.0018000000636675395,0.00019999970390927047,0.0008000006346264854,0.00399999953515362,1.0107000007337774
842,d111_u3,neutral,train,111,3,proxy,1,0,0,0,0,0,0,not_invoked,,1,2176,0.9755000000950531,0.0016999993022182025,0.00030000046535860747,0.0007999997251317836,0.0037999998312443495,0.9855000007519266
843,d111_u7,neutral,train,111,7,proxy,1,0,0,0,0,0,0,not_invoked,,1,2176,1.0068999999930384,0.0017000002117129043,0.0002999995558639057,0.0009000004865811206,0.004000000444648322,1.0178000002269982
844,d111_u9,neutral,train,111,9,proxy,1,0,0,0,0,0,0,not_invoked,,1,2176,1.0372999995524879,0.001600000359758269,0.00019999970390927047,0.0008000006346264854,0.0038999996831989847,1.04760000067472
845,d111_u11,neutral,train,111,11,proxy,1,0,0,0,0,0,0,not_invoked,,1,2176,1.0160000001633307,0.0018999999156221747,0.00019999970390927047,0.0009000004865811206,0.004200000148557592,1.0271999999531545
846,d111_u12,neutral,train,111,12,proxy,1,0,0,0,0,0,0,not_invoked,,1,2176,1.0687000003599678,0.0018000000636675395,0.00019999970390927047,0.0008000006346264854,0.004200000148557592,1.0794999998324784
847,d111_u14,neutral,train,111,14,proxy,1,0,0,0,0,0,0,not_invoked,,1,2176,1.0281999993821955,0.0018000000636675395,0.00019999970390927047,0.0009000004865811206,0.004099999387108255,1.0389000008217408
848,d112_u2,angry,train,112,2,proxy,1,0,0,0,0,0,0,not_invoked,,1,2176,0.9809000002860557,0.0018000000636675395,0.00019999970390927047,0.0008000006346264854,0.0037999998312443495,0.991299999441253
849,d112_u3,angry,train,112,3,proxy,1,0,0,0,0,0,0,not_invoked,,1,2176,1.0448000002725166,0.0018000000636675395,0.00019999970390927047,0.0007999997251317836,0.004200000148557592,1.0557999994489364
850,d113_u0,neutral,train,113,0,proxy,1,0,0,0,0,0,0,not_invoked,,1,2176,1.0326999999961117,0.0018000000636675395,0.00019999970390927047,0.0010000003385357559,0.0037999998312443495,1.043000000208849
851,d113_u1,angry,train,113,1,proxy,1,0,0,0,0,0,0,not_invoked,,1,2176,1.026099999762664,0.0018999999156221747,0.00030000046535860747,0.0010000003385357559,0.004099999387108255,1.0371000007580733
852,d113_u2,neutral,train,113,2,proxy,1,0,0,0,0,0,0,not_invoked,,1,2176,1.0770000008051284,0.0018000000636675395,0.0002999995558639057,0.0009000004865811206,0.0038999996831989847,1.0874999998122803
853,d113_u3,neutral,train,113,3,proxy,1,0,0,0,0,0,0,not_invoked,,1,2176,1.0440999994898448,0.0018000000636675395,0.00019999970390927047,0.0009000004865811206,0.004000000444648322,1.05489999987185
854,d113_u4,neutral,train,113,4,proxy,1,0,0,0,0,0,0,not_invoked,,1,2176,0.9908000001814798,0.0017000002117129043,0.0002999995558639057,0.0008000006346264854,0.00399999953515362,1.0013000000981265
855,d113_u5,neutral,train,113,5,proxy,1,0,0,0,0,0,0,not_invoked,,1,2176,1.119799999287352,0.00199999976757681,0.00019999970390927047,0.0008999995770864189,0.0039000005926936865,1.1308000002827612
856,d113_u6,neutral,train,113,6,proxy,1,0,0,0,0,0,0,not_invoked,,1,2176,1.1426000000938075,0.0018000000636675395,0.00030000046535860747,0.0007999997251317836,0.0039000005926936865,1.1532999997143634
857,d113_u7,neutral,train,113,7,proxy,1,0,0,0,0,0,0,not_invoked,,1,2176,1.0410000004412723,0.0017000002117129043,0.0002999995558639057,0.0009000004865811206,0.004000000444648322,1.051500000357919
858,d113_u8,happy,train,113,8,proxy,1,0,0,0,0,0,0,not_invoked,,1,2176,1.0264000002280227,0.0018000000636675395,0.00020000061340397224,0.0008999995770864189,0.004099999387108255,1.0370999998485786
859,d113_u9,neutral,train,113,9,proxy,1,0,0,0,0,0,0,not_invoked,,1,2176,1.0987999994540587,0.0018000000636675395,0.00020000061340397224,0.0007999997251317836,0.00399999953515362,1.1094999999841093
860,d113_u10,neutral,train,113,10,proxy,1,0,0,0,0,0,0,not_invoked,,1,2176,1.3656000000992208,0.0018999999156221747,0.00020000061340397224,0.0007999997251317836,0.004200000148557592,1.3763999995717313
861,d114_u0,neutral,train,114,0,proxy,1,0,0,0,0,0,0,not_invoked,,1,2176,1.3507999992725672,0.0018000000636675395,0.00030000046535860747,0.0007999997251317836,0.0038999996831989847,1.3613999999506632
862,d114_u2,neutral,train,114,2,proxy,1,0,0,0,0,0,0,not_invoked,,1,2176,1.2942999992446858,0.0017999991541728377,0.00020000061340397224,0.0008999995770864189,0.004100000296602957,1.304800000070827
863,d114_u3,happy,train,114,3,proxy,1,0,0,0,0,0,0,not_invoked,,1,2176,1.3011000000915374,0.002100000529026147,0.00030000046535860747,0.0010000003385357559,0.004499999704421498,1.3131999994584476
864,d114_u4,happy,train,114,4,proxy,1,0,0,0,0,0,0,not_invoked,,1,2176,1.1898000002474873,0.0018999999156221747,0.00030000046535860747,0.0008999995770864189,0.004499999704421498,1.201299999593175
865,d115_u0,neutral,train,115,0,proxy,1,0,0,0,0,0,0,not_invoked,,1,2176,1.1578000003282796,0.0018999999156221747,0.00019999970390927047,0.0010000003385357559,0.004300000000512227,1.1693999995259219
866,d115_u1,neutral,train,115,1,proxy,1,0,0,0,0,0,0,not_invoked,,1,2176,1.1608000004343921,0.00199999976757681,0.00019999970390927047,0.0008000006346264854,0.004300000000512227,1.1721999999281252
867,d115_u2,neutral,train,115,2,proxy,1,0,0,0,0,0,0,not_invoked,,1,2176,1.1076999999204418,0.00199999976757681,0.00030000046535860747,0.0009000004865811206,0.004399999852466863,1.1191000003236695
868,d115_u3,neutral,train,115,3,proxy,1,0,0,0,0,0,0,not_invoked,,1,2176,1.1189999995622202,0.0018999999156221747,0.00019999970390927047,0.000999999429041054,0.004200000148557592,1.1304999998174026
869,d115_u4,angry,train,115,4,proxy,1,0,0,0,0,0,0,not_invoked,,1,2176,1.1205999999219785,0.00199999976757681,0.00030000046535860747,0.0008999995770864189,0.004499999704421498,1.1323999997330247
870,d115_u5,neutral,train,115,5,proxy,1,0,0,0,0,0,0,not_invoked,,1,2176,1.0855999998966581,0.0018999999156221747,0.00030000046535860747,0.0009000004865811206,0.004300000000512227,1.0969000004479312
871,d116_u0,neutral,train,116,0,proxy,1,0,0,0,0,0,0,not_invoked,,1,2176,1.1387000004106085,0.0020000006770715117,0.0002999995558639057,0.000999999429041054,0.004300000000512227,1.1503000005177455
872,d116_u1,neutral,train,116,1,proxy,1,0,0,0,0,0,0,not_invoked,,1,2176,1.0656000004019006,0.0018999999156221747,0.0002999995558639057,0.0008999995770864189,0.004100000296602957,1.0765999995783204
873,d116_u2,sad,train,116,2,proxy,1,0,0,0,0,0,0,not_invoked,,1,2176,1.0528000002523186,0.00199999976757681,0.00019999970390927047,0.0007999997251317836,0.004300000000512227,1.0641999997460516
874,d116_u4,neutral,train,116,4,proxy,1,0,0,0,0,0,0,not_invoked,,1,2176,0.9546999999656691,0.0018999999156221747,0.00030000046535860747,0.0008999995770864189,0.004399999852466863,0.9660999994594022
875,d116_u5,neutral,train,116,5,proxy,1,0,0,0,0,0,0,not_invoked,,1,2176,1.1844000000564847,0.0020000006770715117,0.0002999995558639057,0.000999999429041054,0.004300000000512227,1.1958000004597125
876,d116_u6,neutral,train,116,6,proxy,1,0,0,0,0,0,0,not_invoked,,1,2176,1.056399999470159,0.0018999999156221747,0.0002999995558639057,0.0009000004865811206,0.004399999852466863,1.0677999998733867
877,d116_u7,sad,train,116,7,proxy,1,0,0,0,0,0,0,not_invoked,,1,2176,1.0867999999391031,0.0018999999156221747,0.00030000046535860747,0.0010000003385357559,0.004399999852466863,1.0984000000462402
878,d117_u0,happy,train,117,0,proxy,1,0,0,0,0,0,0,not_invoked,,1,2176,1.0820000006788177,0.0020000006770715117,0.00030000046535860747,0.0008999995770864189,0.0045000006139162,1.0940000001937733
879,d117_u1,neutral,train,117,1,proxy,1,0,0,0,0,0,0,not_invoked,,1,2176,1.0781999999380787,0.00199999976757681,0.00019999970390927047,0.0010000003385357559,0.004600000465870835,1.0903000002144836
880,d117_u2,happy,train,117,2,proxy,1,0,0,0,0,0,0,not_invoked,,1,2176,1.1826999998447718,0.0018999999156221747,0.00030000046535860747,0.000999999429041054,0.004300000000512227,1.1942000000999542
881,d117_u3,neutral,train,117,3,proxy,1,0,0,0,0,0,0,not_invoked,,1,2176,1.162099999419297,0.0020000006770715117,0.00020000061340397224,0.001100000190490391,0.004699999408330768,1.1745999991035205
882,d118_u0,neutral,train,118,0,proxy,1,0,0,0,0,0,0,not_invoked,,1,2176,1.2181000001874054,0.002200000380980782,0.0002999995558639057,0.0010000003385357559,0.00470000031782547,1.2305999998716288
883,d118_u2,neutral,train,118,2,proxy,1,0,0,0,0,0,0,not_invoked,,1,2176,1.1537000000316766,0.002100000529026147,0.00019999970390927047,0.0008999995770864189,0.004100000296602957,1.1653000001388136
884,d118_u3,happy,train,118,3,proxy,1,0,0,0,0,0,0,not_invoked,,1,2176,1.2117000005673617,0.002200000380980782,0.00030000046535860747,0.0008999995770864189,0.004399999852466863,1.223500000378408
885,d118_u4,angry,train,118,4,proxy,1,0,0,0,0,0,0,not_invoked,,1,2176,1.1002000001099077,0.00199999976757681,0.00020000061340397224,0.0008999995770864189,0.004400000761961564,1.1118000002170447
886,d118_u5,happy,train,118,5,proxy,1,0,0,0,0,0,0,not_invoked,,1,2176,1.1254000000917586,0.0018999999156221747,0.0002999995558639057,0.0009000004865811206,0.004300000000512227,1.1368999994374462
887,d119_u0,neutral,train,119,0,proxy,1,0,0,0,0,0,0,not_invoked,,1,2176,1.101300000300398,0.0018999999156221747,0.00030000046535860747,0.0008999995770864189,0.004200000148557592,1.112299999476818
888,d119_u1,neutral,train,119,1,proxy,1,0,0,0,0,0,0,not_invoked,,1,2176,0.991500000054657,0.0018000000636675395,0.00019999970390927047,0.0010000003385357559,0.004300000000512227,1.0026999998444808
889,d119_u2,neutral,train,119,2,proxy,1,0,0,0,0,0,0,not_invoked,,1,2176,1.0852999994312995,0.0018999999156221747,0.00020000061340397224,0.000999999429041054,0.004300000000512227,1.0969000004479312
890,d119_u3,neutral,train,119,3,proxy,1,0,0,0,0,0,0,not_invoked,,1,2176,1.0881000007429975,0.0018000000636675395,0.0002999995558639057,0.0009000004865811206,0.004300000000512227,1.099199999771372
891,d119_u4,sad,train,119,4,proxy,1,0,0,0,0,0,0,not_invoked,,1,2176,1.2227000006532762,0.0018999999156221747,0.00030000046535860747,0.0010000003385357559,0.004300000000512227,1.2341000001470093
892,d119_u5,neutral,train,119,5,proxy,1,0,0,0,0,0,0,not_invoked,,1,2176,1.1108999997304636,0.0019000008251168765,0.00019999970390927047,0.0010000003385357559,0.004200000148557592,1.1222999992241967
893,d119_u6,sad,train,119,6,proxy,1,0,0,0,0,0,0,not_invoked,,1,2176,1.0773000003609923,0.0020000006770715117,0.0002999995558639057,0.0008999995770864189,0.004300000000512227,1.0886999998547253
894,d119_u8,neutral,train,119,8,proxy,1,0,0,0,0,0,0,not_invoked,,1,2176,1.1099000003014226,0.00199999976757681,0.0002999995558639057,0.0008999995770864189,0.004300000000512227,1.1211000000912463
895,d119_u9,neutral,train,119,9,proxy,1,0,0,0,0,0,0,not_invoked,,1,2176,1.0929999998552375,0.0018999999156221747,0.0002999995558639057,0.000999999429041054,0.004200000148557592,1.1043999993489706
896,d119_u10,neutral,train,119,10,proxy,1,0,0,0,0,0,0,not_invoked,,1,2176,1.0876000005737296,0.00199999976757681,0.00030000046535860747,0.0008999995770864189,0.004399999852466863,1.0990000000674627
897,d119_u11,neutral,train,119,11,proxy,1,0,0,0,0,0,0,not_invoked,,1,2176,1.025399999889487,0.00199999976757681,0.00030000046535860747,0.0010000003385357559,0.004300000000512227,1.0368000002927147
898,d119_u12,angry,train,119,12,proxy,1,0,0,0,0,0,0,not_invoked,,1,2176,1.1895000006916234,0.0017000002117129043,0.00019999970390927047,0.0007999997251317836,0.004000000444648322,1.2002000003121793
899,d120_u1,happy,train,120,1,proxy,1,0,0,0,0,0,0,not_invoked,,1,2176,1.0725000001912122,0.0018000000636675395,0.00019999970390927047,0.0008999995770864189,0.0039000005926936865,1.0829000002559042
900,d120_u3,neutral,train,120,3,proxy,1,0,0,0,0,0,0,not_invoked,,1,2176,0.9577999999237363,0.0018000000636675395,0.0002999995558639057,0.0008999995770864189,0.0038999996831989847,0.9681999999884283
901,d120_u7,neutral,train,120,7,proxy,1,0,0,0,0,0,0,not_invoked,,1,2176,1.0922999999820604,0.0018999999156221747,0.0002999995558639057,0.0009000004865811206,0.004100000296602957,1.103000000512111
902,d120_u8,neutral,train,120,8,proxy,1,0,0,0,0,0,0,not_invoked,,1,2176,1.0065999995276798,0.0017000002117129043,0.00019999970390927047,0.0008999995770864189,0.004100000296602957,1.0172000002057757
903,d120_u9,neutral,train,120,9,proxy,1,0,0,0,0,0,0,not_invoked,,1,2176,0.9440000003451132,0.0018999999156221747,0.00020000061340397224,0.000999999429041054,0.0038999996831989847,0.9547999998176238
904,d120_u10,neutral,train,120,10,proxy,1,0,0,0,0,0,0,not_invoked,,1,2176,1.1086999993494828,0.0017000002117129043,0.00019999970390927047,0.0009000004865811206,0.004200000148557592,1.119700000344892
905,d120_u11,neutral,train,120,11,proxy,1,0,0,0,0,0,0,not_invoked,,1,2176,1.0353000006944058,0.0018999999156221747,0.0002999995558639057,0.0009000004865811206,0.004100000296602957,1.0460000003149617
906,d120_u12,neutral,train,120,12,proxy,1,0,0,0,0,0,0,not_invoked,,1,2176,1.082700000551995,0.0018000000636675395,0.00019999970390927047,0.0009000004865811206,0.0038999996831989847,1.0930999997071922
907,d120_u13,neutral,train,120,13,proxy,1,0,0,0,0,0,0,not_invoked,,1,2176,1.0452999995322898,0.0018000000636675395,0.00030000046535860747,0.0008999995770864189,0.004100000296602957,1.0560000000623404
908,d120_u14,neutral,train,120,14,proxy,1,0,0,0,0,0,0,not_invoked,,1,2176,1.1189999995622202,0.0018999999156221747,0.00020000061340397224,0.000999999429041054,0.004400000761961564,1.1307000004308065
909,d120_u15,neutral,train,120,15,proxy,1,0,0,0,0,0,0,not_invoked,,1,2176,1.1881000000357744,0.0018000000636675395,0.0002999995558639057,0.0009000004865811206,0.00399999953515362,1.198599999952421
910,d121_u0,neutral,train,121,0,proxy,1,0,0,0,0,0,0,not_invoked,,1,2176,1.0617999996611616,0.0018999999156221747,0.0002999995558639057,0.0008999995770864189,0.004100000296602957,1.0729999994509853
911,d121_u1,happy,train,121,1,proxy,1,0,0,0,0,0,0,not_invoked,,1,2176,1.0472000003574067,0.0018999999156221747,0.00020000061340397224,0.0008999995770864189,0.004000000444648322,1.057800000126008
912,d121_u2,happy,train,121,2,proxy,1,0,0,0,0,0,0,not_invoked,,1,2176,1.0540000002947636,0.0017000002117129043,0.00019999970390927047,0.0009000004865811206,0.00399999953515362,1.0645000002114102
913,d121_u5,angry,train,121,5,proxy,1,0,0,0,0,0,0,not_invoked,,1,2176,1.051299999744515,0.0018000000636675395,0.0002999995558639057,0.0009000004865811206,0.004100000296602957,1.0621000001265202
914,d121_u6,neutral,train,121,6,proxy,1,0,0,0,0,0,0,not_invoked,,1,2176,1.0548000000198954,0.0018000000636675395,0.00019999970390927047,0.0008999995770864189,0.004000000444648322,1.065500000549946
915,d121_u7,sad,train,121,7,proxy,1,0,0,0,0,0,0,not_invoked,,1,2176,1.0286000006090035,0.0018000000636675395,0.00019999970390927047,0.0008999995770864189,0.004000000444648322,1.0393000002295594
916,d122_u2,neutral,train,122,2,proxy,1,0,0,0,0,0,0,not_invoked,,1,2176,1.0130999999091728,0.0018999999156221747,0.0002999995558639057,0.0009000004865811206,0.004099999387108255,1.0240999999950873
917,d122_u3,neutral,train,122,3,proxy,1,0,0,0,0,0,0,not_invoked,,1,2176,1.0235999998258194,0.0018000000636675395,0.00019999970390927047,0.0009000004865811206,0.004099999387108255,1.03430000035587
918,d122_u4,neutral,train,122,4,proxy,1,0,0,0,0,0,0,not_invoked,,1,2176,1.0462999998708256,0.0017999991541728377,0.0002999995558639057,0.0007999997251317836,0.004300000000512227,1.05729999995674
919,d122_u5,neutral,train,122,5,proxy,1,0,0,0,0,0,0,not_invoked,,1,2176,1.0235999998258194,0.0018000000636675395,0.00019999970390927047,0.0008999995770864189,0.004000000444648322,1.0341999995944207
920,d122_u6,neutral,train,122,6,proxy,1,0,0,0,0,0,0,not_invoked,,1,2176,1.0000000002037268,0.0018000000636675395,0.0002999995558639057,0.0009000004865811206,0.00399999953515362,1.011100000141596
921,d122_u7,happy,train,122,7,proxy,1,0,0,0,0,0,0,not_invoked,,1,2176,0.9951000001819921,0.0018999999156221747,0.00020000061340397224,0.0008999995770864189,0.004000000444648322,1.0058999996545026
922,d122_u8,happy,train,122,8,proxy,1,0,0,0,0,0,0,not_invoked,,1,2176,1.0356000002502697,0.0018999999156221747,0.00020000061340397224,0.0008999995770864189,0.00399999953515362,1.0465999994266895
923,d122_u10,neutral,train,122,10,proxy,1,0,0,0,0,0,0,not_invoked,,1,2176,1.0362000002714922,0.0018000000636675395,0.00030000046535860747,0.0008999995770864189,0.004300000000512227,1.047400000061316
924,d122_u11,neutral,train,122,11,proxy,1,0,0,0,0,0,0,not_invoked,,1,2176,0.9739000006447895,0.0018000000636675395,0.0002999995558639057,0.0008000006346264854,0.004099999387108255,0.9846000002653454
925,d122_u14,neutral,train,122,14,proxy,1,0,0,0,0,0,0,not_invoked,,1,2176,1.0428000005049398,0.0018000000636675395,0.00030000046535860747,0.0008999995770864189,0.004000000444648322,1.0750999999800115
926,d122_u15,neutral,train,122,15,proxy,1,0,0,0,0,0,0,not_invoked,,1,2176,1.0172000002057757,0.0017000002117129043,0.0002999995558639057,0.0009000004865811206,0.004000000444648322,1.027799999974377
927,d123_u1,angry,train,123,1,proxy,1,0,0,0,0,0,0,not_invoked,,1,2176,1.0162999997191946,0.0018000000636675395,0.00019999970390927047,0.0007999997251317836,0.00399999953515362,1.0269999993397505
928,d123_u2,angry,train,123,2,proxy,1,0,0,0,0,0,0,not_invoked,,1,2176,1.0204000000157976,0.0018999999156221747,0.00019999970390927047,0.0009000004865811206,0.004300000000512227,1.03190000027098
929,d123_u3,angry,train,123,3,proxy,1,0,0,0,0,0,0,not_invoked,,1,2176,1.0453000004417845,0.0018000000636675395,0.00019999970390927047,0.0009000004865811206,0.004000000444648322,1.0557000005064765
930,d123_u4,angry,train,123,4,proxy,1,0,0,0,0,0,0,not_invoked,,1,2176,1.0062000001198612,0.0018000000636675395,0.00030000046535860747,0.0007999997251317836,0.0038999996831989847,1.0163999995711492
931,d123_u5,neutral,train,123,5,proxy,1,0,0,0,0,0,0,not_invoked,,1,2176,0.9869999994407408,0.0018000000636675395,0.00030000046535860747,0.0007999997251317836,0.004200000148557592,0.997799999822746
932,d123_u6,angry,train,123,6,proxy,1,0,0,0,0,0,0,not_invoked,,1,2176,1.0228999999526422,0.0017999991541728377,0.0002999995558639057,0.0009000004865811206,0.00399999953515362,1.0334999997212435
933,d123_u7,neutral,train,123,7,proxy,1,0,0,0,0,0,0,not_invoked,,1,2176,1.051500000357919,0.00199999976757681,0.0002999995558639057,0.0009000004865811206,0.004200000148557592,1.0631999994075159
934,d123_u8,angry,train,123,8,proxy,1,0,0,0,0,0,0,not_invoked,,1,2176,1.1600999996517203,0.00199999976757681,0.0002999995558639057,0.0009000004865811206,0.0045000006139162,1.1723000006895745
935,d123_u9,neutral,train,123,9,proxy,1,0,0,0,0,0,0,not_invoked,,1,2176,1.1499000002004323,0.0018999999156221747,0.00019999970390927047,0.0009000004865811206,0.004100000296602957,1.1610000001383014
936,d123_u10,angry,train,123,10,proxy,1,0,0,0,0,0,0,not_invoked,,1,2176,1.2606999998752144,0.00199999976757681,0.0002999995558639057,0.0010000003385357559,0.004399999852466863,1.2727000002996647
937,d124_u0,happy,train,124,0,proxy,1,0,0,0,0,0,0,not_invoked,,1,2176,1.1805000003732857,0.0018999999156221747,0.00019999970390927047,0.0008999995770864189,0.004200000148557592,1.1912999998457963
938,d124_u2,neutral,train,124,2,proxy,1,0,0,0,0,0,0,not_invoked,,1,2176,1.0726000000431668,0.0019000008251168765,0.0002999995558639057,0.0009000004865811206,0.00399999953515362,1.083400000425172
939,d124_u4,sad,train,124,4,proxy,1,0,0,0,0,0,0,not_invoked,,1,2176,0.9878000000753673,0.0017000002117129043,0.00020000061340397224,0.0008999995770864189,0.004000000444648322,0.9983999998439685
940,d124_u5,happy,train,124,5,proxy,1,0,0,0,0,0,0,not_invoked,,1,2176,1.1728999998013023,0.0018000000636675395,0.00019999970390927047,0.0009000004865811206,0.004099999387108255,1.183600000331353
941,d124_u6,happy,train,124,6,proxy,1,0,0,0,0,0,0,not_invoked,,1,2176,1.1139999996885308,0.0018999999156221747,0.0002999995558639057,0.0008999995770864189,0.004100000296602957,1.124800000070536
942,d124_u8,sad,train,124,8,proxy,1,0,0,0,0,0,0,not_invoked,,1,2176,1.0764000007839059,0.0017000002117129043,0.0002999995558639057,0.0008000006346264854,0.004100000296602957,1.0870000005525071
943,d124_u9,neutral,train,124,9,proxy,1,0,0,0,0,0,0,not_invoked,,1,2176,1.0775999999168562,0.0018000000636675395,0.00019999970390927047,0.0009000004865811206,0.004100000296602957,1.088500000150816
944,d124_u10,neutral,train,124,10,proxy,1,0,0,0,0,0,0,not_invoked,,1,2176,1.0412999999971362,0.0017000002117129043,0.0002999995558639057,0.0007999997251317836,0.0037999998312443495,1.051500000357919
945,d124_u11,happy,train,124,11,proxy,1,0,0,0,0,0,0,not_invoked,,1,2176,1.0843000000022585,0.0018999999156221747,0.00019999970390927047,0.0007999997251317836,0.00399999953515362,1.0948999997708597
946,d125_u0,happy,train,125,0,proxy,1,0,0,0,0,0,0,not_invoked,,1,2176,1.0269000003972906,0.0018000000636675395,0.00019999970390927047,0.0007999997251317836,0.004100000296602957,1.0376000000178465
947,d125_u1,neutral,train,125,1,proxy,1,0,0,0,0,0,0,not_invoked,,1,2176,1.0400000001027365,0.0018000000636675395,0.0002999995558639057,0.0009000004865811206,0.004000000444648322,1.0507000006327871
948,d125_u2,neutral,train,125,2,proxy,1,0,0,0,0,0,0,not_invoked,,1,2176,1.029000000016822,0.0016999993022182025,0.00030000046535860747,0.0007999997251317836,0.004099999387108255,1.0394999999334686
949,d125_u4,neutral,train,125,4,proxy,1,0,0,0,0,0,0,not_invoked,,1,2176,1.0315999998056213,0.0018000000636675395,0.00020000061340397224,0.0008999995770864189,0.004100000296602957,1.0423999992781319
950,d125_u5,neutral,train,125,5,proxy,1,0,0,0,0,0,0,not_invoked,,1,2176,1.0596000001896755,0.0018000000636675395,0.00030000046535860747,0.0009000004865811206,0.0038999996831989847,1.0701999999582767
951,d125_u6,neutral,train,125,6,proxy,1,0,0,0,0,0,0,not_invoked,,1,2176,1.0540000002947636,0.0018000000636675395,0.00030000046535860747,0.0008999995770864189,0.00399999953515362,1.0646000000633649
952,d125_u7,neutral,train,125,7,proxy,1,0,0,0,0,0,0,not_invoked,,1,2176,1.1460000005172333,0.0018999999156221747,0.014999999621068127,0.0009000004865811206,0.004100000296602957,1.172000000224216
953,d126_u0,happy,train,126,0,proxy,1,0,0,0,0,0,0,not_invoked,,1,2176,1.2097999997422448,0.0018000000636675395,0.00020000061340397224,0.0008999995770864189,0.004000000444648322,1.220399999510846
954,d126_u1,angry,train,126,1,proxy,1,0,0,0,0,0,0,not_invoked,,1,2176,0.9529999997539562,0.0017000002117129043,0.0002999995558639057,0.0008000006346264854,0.00399999953515362,0.9634000007281429
955,d126_u2,happy,train,126,2,proxy,1,0,0,0,0,0,0,not_invoked,,1,2176,1.0214999992967932,0.0018999999156221747,0.00019999970390927047,0.0007999997251317836,0.0038999996831989847,1.0320999999748892
956,d126_u3,neutral,train,126,3,proxy,1,0,0,0,0,0,0,not_invoked,,1,2176,1.0229999998045969,0.0017000002117129043,0.00019999970390927047,0.0009000004865811206,0.004000000444648322,1.0334999997212435
957,d126_u4,happy,train,126,4,proxy,1,0,0,0,0,0,0,not_invoked,,1,2176,1.1503999994602054,0.00199999976757681,0.00019999970390927047,0.0009000004865811206,0.00399999953515362,1.1612000007517054
958,d126_u5,angry,train,126,5,proxy,1,0,0,0,0,0,0,not_invoked,,1,2176,1.0394999999334686,0.0017000002117129043,0.00020000061340397224,0.0007999997251317836,0.004100000296602957,1.05009999970207
959,d126_u6,neutral,train,126,6,proxy,1,0,0,0,0,0,0,not_invoked,,1,2176,1.0233000002699555,0.0019000008251168765,0.00020000061340397224,0.0008999995770864189,0.00399999953515362,1.0338000001866021
960,d126_u7,angry,train,126,7,proxy,1,0,0,0,0,0,0,not_invoked,,1,2176,0.9927999999490567,0.0018000000636675395,0.00019999970390927047,0.0008999995770864189,0.0039000005926936865,1.0030000003098394
961,d126_u8,neutral,train,126,8,proxy,1,0,0,0,0,0,0,not_invoked,,1,2176,1.015900000311376,0.0017000002117129043,0.0002999995558639057,0.0007999997251317836,0.004000000444648322,1.0264000002280227
962,d126_u9,sad,train,126,9,proxy,1,0,0,0,0,0,0,not_invoked,,1,2176,1.0049999991679215,0.0016999993022182025,0.00020000061340397224,0.0008999995770864189,0.004100000296602957,1.0154999999940628
963,d126_u10,neutral,train,126,10,proxy,1,0,0,0,0,0,0,not_invoked,,1,2176,1.0553000001891633,0.0017000002117129043,0.00019999970390927047,0.0009000004865811206,0.004200000148557592,1.0660999996616738
964,d126_u11,neutral,train,126,11,proxy,1,0,0,0,0,0,0,not_invoked,,1,2176,1.0380000003351597,0.002200000380980782,0.0002999995558639057,0.0010999992809956893,0.004899999112240039,1.0516000002098735
965,d126_u12,angry,train,126,12,proxy,1,0,0,0,0,0,0,not_invoked,,1,2176,1.0974000006171991,0.0018000000636675395,0.00030000046535860747,0.0008999995770864189,0.00399999953515362,1.1082999999416643
966,d127_u0,neutral,train,127,0,proxy,1,0,0,0,0,0,0,not_invoked,,1,2176,1.0673999995560735,0.0016999993022182025,0.00020000061340397224,0.0007999997251317836,0.004000000444648322,1.0777999996207654
967,d128_u0,neutral,train,128,0,proxy,1,0,0,0,0,0,0,not_invoked,,1,2176,1.0186999998040847,0.0018999999156221747,0.00020000061340397224,0.0008999995770864189,0.004000000444648322,1.0293999994246406
968,d128_u1,neutral,train,128,1,proxy,1,0,0,0,0,0,0,not_invoked,,1,2176,1.0704999995141407,0.0018000000636675395,0.00030000046535860747,0.0007999997251317836,0.004000000444648322,1.0811000001922366
969,d128_u2,happy,train,128,2,proxy,1,0,0,0,0,0,0,not_invoked,,1,2176,0.8797000000413391,0.0018000000636675395,0.00019999970390927047,0.0009000004865811206,0.00399999953515362,0.890300000719435
970,d128_u3,happy,train,128,3,proxy,1,0,0,0,0,0,0,not_invoked,,1,2176,1.0111999999935506,0.0018000000636675395,0.0002999995558639057,0.0008999995770864189,0.0037999998312443495,1.0218000006716466
971,d128_u4,happy,train,128,4,proxy,1,0,0,0,0,0,0,not_invoked,,1,2176,1.129199999923003,0.01609999981155852,0.00019999970390927047,0.0009000004865811206,0.00399999953515362,1.154500000666303
972,d128_u5,happy,train,128,5,proxy,1,0,0,0,0,0,0,not_invoked,,1,2176,1.0658999999577645,0.0018999999156221747,0.00020000061340397224,0.0007999997251317836,0.0038999996831989847,1.0764999997263658
973,d128_u6,neutral,train,128,6,proxy,1,0,0,0,0,0,0,not_invoked,,1,2176,0.9371999994982616,0.0018000000636675395,0.00019999970390927047,0.0010000003385357559,0.004200000148557592,0.9484000001975801
974,d128_u7,happy,train,128,7,proxy,1,0,0,0,0,0,0,not_invoked,,1,2176,1.0610999997879844,0.0018999999156221747,0.00019999970390927047,0.0008999995770864189,0.0038999996831989847,1.071599999704631
975,d128_u8,neutral,train,128,8,proxy,1,0,0,0,0,0,0,not_invoked,,1,2176,1.1273999998593354,0.0018000000636675395,0.00030000046535860747,0.0008999995770864189,0.004100000296602957,1.1382000002413406
976,d128_u9,happy,train,128,9,proxy,1,0,0,0,0,0,0,not_invoked,,1,2176,1.0419999998703133,0.0016999993022182025,0.00030000046535860747,0.0009000004865811206,0.00399999953515362,1.0525999996389146
977,d129_u0,happy,train,129,0,proxy,1,0,0,0,0,0,0,not_invoked,,1,2176,0.9468999996897765,0.0016999993022182025,0.00019999970390927047,0.0008000006346264854,0.02609999955893727,0.9798000000955653
978,d129_u1,sad,train,129,1,proxy,1,0,0,0,0,0,0,not_invoked,,1,2176,1.127700000324694,0.0018000000636675395,0.00020000061340397224,0.0008999995770864189,0.004100000296602957,1.1387999993530684
979,d129_u2,sad,train,129,2,proxy,1,0,0,0,0,0,0,not_invoked,,1,2176,1.0173000000577304,0.0018000000636675395,0.0002999995558639057,0.0009000004865811206,0.0038999996831989847,1.028000000587781
980,d129_u4,sad,train,129,4,proxy,1,0,0,0,0,0,0,not_invoked,,1,2176,1.0726999998951214,0.0018000000636675395,0.00019999970390927047,0.0009000004865811206,0.00399999953515362,1.0833000005732174
981,d129_u5,angry,train,129,5,proxy,1,0,0,0,0,0,0,not_invoked,,1,2176,1.0568999996394268,0.0018000000636675395,0.0002999995558639057,0.0008999995770864189,0.004000000444648322,1.0675000003175228
982,d129_u7,angry,train,129,7,proxy,1,0,0,0,0,0,0,not_invoked,,1,2176,1.0571000002528308,0.0017000002117129043,0.0002999995558639057,0.0009000004865811206,0.00399999953515362,1.0675000003175228
983,d129_u8,neutral,train,129,8,proxy,1,0,0,0,0,0,0,not_invoked,,1,2176,1.003399999717658,0.0018000000636675395,0.00020000061340397224,0.0008999995770864189,0.004100000296602957,1.0142999999516178
984,d129_u9,neutral,train,129,9,proxy,1,0,0,0,0,0,0,not_invoked,,1,2176,0.974800000221876,0.0017000002117129043,0.00020000061340397224,0.0007999997251317836,0.004000000444648322,0.9851999993770733
985,d129_u10,angry,train,129,10,proxy,1,0,0,0,0,0,0,not_invoked,,1,2176,1.0281999993821955,0.0018000000636675395,0.0002999995558639057,0.0009000004865811206,0.00399999953515362,1.0388999999122461
986,d129_u13,neutral,train,129,13,proxy,1,0,0,0,0,0,0,not_invoked,,1,2176,1.2200999999549822,0.0018999999156221747,0.00020000061340397224,0.0007999997251317836,0.004100000296602957,1.230799999575538
987,d129_u14,neutral,train,129,14,proxy,1,0,0,0,0,0,0,not_invoked,,1,2176,1.0627000001477427,0.001600000359758269,0.00019999970390927047,0.0009000004865811206,0.004100000296602957,1.0732000000643893
988,d130_u0,happy,train,130,0,proxy,1,0,0,0,0,0,0,not_invoked,,1,2176,1.048600000103761,0.0016999993022182025,0.00019999970390927047,0.0008999995770864189,0.0038999996831989847,1.0589999992589583
989,d130_u1,neutral,train,130,1,proxy,1,0,0,0,0,0,0,not_invoked,,1,2176,1.103300000067975,0.0018000000636675395,0.0002999995558639057,0.0008000006346264854,0.004099999387108255,1.1142000003019348
990,d130_u2,neutral,train,130,2,proxy,1,0,0,0,0,0,0,not_invoked,,1,2176,0.9258000000045286,0.0017000002117129043,0.00019999970390927047,0.0009000004865811206,0.0037999998312443495,0.9362000000692206
991,d130_u4,neutral,train,130,4,proxy,1,0,0,0,0,0,0,not_invoked,,1,2176,1.0210999998889747,0.0018000000636675395,0.00019999970390927047,0.0009000004865811206,0.004100000296602957,1.0320000001229346
992,d130_u5,neutral,train,130,5,proxy,1,0,0,0,0,0,0,not_invoked,,1,2176,1.0498999999981606,0.0016999993022182025,0.00030000046535860747,0.0007999997251317836,0.004100000296602957,1.0606999994706712
993,d130_u6,neutral,train,130,6,proxy,1,0,0,0,0,0,0,not_invoked,,1,2176,1.1322000000291155,0.0018000000636675395,0.0002999995558639057,0.0009000004865811206,0.004100000296602957,1.1430000004111207
994,d130_u7,neutral,train,130,7,proxy,1,0,0,0,0,0,0,not_invoked,,1,2176,1.112999999349995,0.0018999999156221747,0.0002999995558639057,0.0009000004865811206,0.00399999953515362,1.1237999997320003
995,d130_u8,neutral,train,130,8,proxy,1,0,0,0,0,0,0,not_invoked,,1,2176,1.0115999994013691,0.0018999999156221747,0.00019999970390927047,0.0009000004865811206,0.00399999953515362,1.0223999997833744
996,d130_u10,neutral,train,130,10,proxy,1,0,0,0,0,0,0,not_invoked,,1,2176,0.985200000286568,0.0018000000636675395,0.00020000061340397224,0.0008999995770864189,0.004000000444648322,0.9959999997590785
997,d130_u12,neutral,train,130,12,proxy,1,0,0,0,0,0,0,not_invoked,,1,2176,1.0228999999526422,0.0018000000636675395,0.00020000061340397224,0.0008999995770864189,0.004000000444648322,1.0333999998692889
998,d130_u13,neutral,train,130,13,proxy,1,0,0,0,0,0,0,not_invoked,,1,2176,1.035799999954179,0.0018000000636675395,0.00019999970390927047,0.0009000004865811206,0.00399999953515362,1.0463999997227802
999,d130_u14,neutral,train,130,14,proxy,1,0,0,0,0,0,0,not_invoked,,1,2176,0.9915999999066116,0.0017000002117129043,0.00030000046535860747,0.0008999995770864189,0.004099999387108255,1.0022999995271675
1000,d130_u15,neutral,train,130,15,proxy,1,0,0,0,0,0,0,not_invoked,,1,2176,0.965600000199629,0.0018000000636675395,0.00030000046535860747,0.0007999997251317836,0.004200000148557592,0.9761999999682303
1001,d130_u17,happy,train,130,17,proxy,1,0,0,0,0,0,0,not_invoked,,1,2176,1.019100000121398,0.0018000000636675395,0.00019999970390927047,0.0008999995770864189,0.004100000296602957,1.0298999995939084
1002,d131_u0,neutral,train,131,0,proxy,1,0,0,0,0,0,0,not_invoked,,1,2176,1.0781999999380787,0.0018999999156221747,0.00019999970390927047,0.0008999995770864189,0.004000000444648322,1.089000000320084
1003,d131_u1,sad,train,131,1,proxy,1,0,0,0,0,0,0,not_invoked,,1,2176,1.0959000001093955,0.0017000002117129043,0.00019999970390927047,0.0010000003385357559,0.004000000444648322,1.1064999998779967
1004,d131_u2,neutral,train,131,2,proxy,1,0,0,0,0,0,0,not_invoked,,1,2176,0.9790000003704336,0.0018999999156221747,0.00030000046535860747,0.0007999997251317836,0.004000000444648322,0.9897999998429441
1005,d132_u1,neutral,train,132,1,proxy,1,0,0,0,0,0,0,not_invoked,,1,2176,0.9755000000950531,0.0018000000636675395,0.0002999995558639057,0.0009000004865811206,0.025299999833805487,1.0076999997181701
1006,d132_u2,sad,train,132,2,proxy,1,0,0,0,0,0,0,not_invoked,,1,2176,1.0479000002305838,0.0018000000636675395,0.00020000061340397224,0.0007999997251317836,0.004000000444648322,1.0584000001472305
1007,d132_u4,sad,train,132,4,proxy,1,0,0,0,0,0,0,not_invoked,,1,2176,1.0178000002269982,0.0018000000636675395,0.00019999970390927047,0.0008999995770864189,0.004099999387108255,1.0285999996995088
1008,d132_u5,neutral,train,132,5,proxy,1,0,0,0,0,0,0,not_invoked,,1,2176,1.1295000003883615,0.0017000002117129043,0.00030000046535860747,0.0008999995770864189,0.0039000005926936865,1.1400000003050081
1009,d132_u6,sad,train,132,6,proxy,1,0,0,0,0,0,0,not_invoked,,1,2176,1.1130000002594898,0.0018000000636675395,0.00020000061340397224,0.0008999995770864189,0.00399999953515362,1.1237999997320003
1010,d132_u7,neutral,train,132,7,proxy,1,0,0,0,0,0,0,not_invoked,,1,2176,1.0393000002295594,0.0018000000636675395,0.00030000046535860747,0.0007999997251317836,0.00399999953515362,1.049800000146206
1011,d132_u8,sad,train,132,8,proxy,1,0,0,0,0,0,0,not_invoked,,1,2176,1.0916000001088833,0.0017000002117129043,0.00030000046535860747,0.0007999997251317836,0.0038999996831989847,1.1020000001735752
1012,d132_u9,neutral,train,132,9,proxy,1,0,0,0,0,0,0,not_invoked,,1,2176,1.0387000002083369,0.0017000002117129043,0.0002999995558639057,0.0008000006346264854,0.0038999996831989847,1.0490999993635342
1013,d132_u10,neutral,train,132,10,proxy,1,0,0,0,0,0,0,not_invoked,,1,2176,0.9906000004775706,0.0017000002117129043,0.0002999995558639057,0.0008000006346264854,0.00399999953515362,1.0012000002461718
1014,d134_u0,neutral,train,134,0,proxy,1,0,0,0,0,0,0,not_invoked,,1,2176,1.0800999998537009,0.0018000000636675395,0.00030000046535860747,0.0007999997251317836,0.0039000005926936865,1.0908000003837515
1015,d135_u0,neutral,train,135,0,proxy,1,0,0,0,0,0,0,not_invoked,,1,2176,1.1006999993696809,0.0018000000636675395,0.00019999970390927047,0.0009000004865811206,0.00399999953515362,1.1115000006611808
1016,d135_u1,neutral,train,135,1,proxy,1,0,0,0,0,0,0,not_invoked,,1,2176,0.9471000003031804,0.0018000000636675395,0.0002999995558639057,0.0007999997251317836,0.0038999996831989847,0.9575000003678724
1017,d135_u2,neutral,train,135,2,proxy,1,0,0,0,0,0,0,not_invoked,,1,2176,1.0136000000784406,0.0018000000636675395,0.00020000061340397224,0.0007999997251317836,0.004000000444648322,1.0245000003124005
1018,d135_u4,neutral,train,135,4,proxy,1,0,0,0,0,0,0,not_invoked,,1,2176,1.001600000563485,0.0018999999156221747,0.00030000046535860747,0.0010000003385357559,0.004100000296602957,1.0128000003533089
1019,d135_u5,neutral,train,135,5,proxy,1,0,0,0,0,0,0,not_invoked,,1,2176,1.1092000004282454,0.0017000002117129043,0.00030000046535860747,0.0008999995770864189,0.004200000148557592,1.119999999900756
1020,d135_u6,neutral,train,135,6,proxy,1,0,0,0,0,0,0,not_invoked,,1,2176,1.0883000004469068,0.0018000000636675395,0.00030000046535860747,0.0007999997251317836,0.004000000444648322,1.0990999999194173
1021,d135_u7,neutral,train,135,7,proxy,1,0,0,0,0,0,0,not_invoked,,1,2176,1.0139999994862592,0.0018000000636675395,0.00019999970390927047,0.0009000004865811206,0.004000000444648322,1.0250000004816684
1022,d135_u8,neutral,train,135,8,proxy,1,0,0,0,0,0,0,not_invoked,,1,2176,1.1886000002050423,0.0025000008463393897,0.00030000046535860747,0.0013999997463542968,0.020799999219889287,1.2182999998913147
1023,d136_u0,neutral,train,136,0,proxy,1,0,0,0,0,0,0,not_invoked,,1,2176,1.2188000000605825,0.0017999991541728377,0.0002999995558639057,0.0009000004865811206,0.004300000000512227,1.2301999995543156
1024,d136_u1,neutral,train,136,1,proxy,1,0,0,0,0,0,0,not_invoked,,1,2176,1.421400000253925,0.0018000000636675395,0.00020000061340397224,0.0008999995770864189,0.004100000296602957,1.4322999995783903
1025,d136_u4,neutral,train,136,4,proxy,1,0,0,0,0,0,0,not_invoked,,1,2176,1.258600000255683,0.0018000000636675395,0.0002999995558639057,0.0009000004865811206,0.004100000296602957,1.2693999997281935
1026,d136_u5,neutral,train,136,5,proxy,1,0,0,0,0,0,0,not_invoked,,1,2176,1.0732000000643893,0.0017000002117129043,0.0002999995558639057,0.0008999995770864189,0.004100000296602957,1.0838999996849452
1027,d137_u0,neutral,train,137,0,proxy,1,0,0,0,0,0,0,not_invoked,,1,2176,1.0577000002740533,0.0018000000636675395,0.0002999995558639057,0.0007999997251317836,0.004000000444648322,1.0684999997465638
1028,d137_u1,neutral,train,137,1,proxy,1,0,0,0,0,0,0,not_invoked,,1,2176,1.137600000220118,0.0017000002117129043,0.00030000046535860747,0.0008999995770864189,0.0039000005926936865,1.148299999840674
1029,d137_u2,neutral,train,137,2,proxy,1,0,0,0,0,0,0,not_invoked,,1,2176,1.1311999996905797,0.0017000002117129043,0.00030000046535860747,0.0008999995770864189,0.004000000444648322,1.1419000002206303
1030,d137_u3,neutral,train,137,3,proxy,1,0,0,0,0,0,0,not_invoked,,1,2176,1.0098000002471963,0.0017000002117129043,0.00030000046535860747,0.0008999995770864189,0.004000000444648322,1.0204999998677522
1031,d137_u4,happy,train,137,4,proxy,1,0,0,0,0,0,0,not_invoked,,1,2176,1.0586999997030944,0.0019000008251168765,0.00019999970390927047,0.0009000004865811206,0.004099999387108255,1.069600000846549
1032,d137_u5,neutral,train,137,5,proxy,1,0,0,0,0,0,0,not_invoked,,1,2176,0.9797000002436107,0.0018000000636675395,0.00030000046535860747,0.0007999997251317836,0.004000000444648322,0.9903999998641666
1033,d137_u6,happy,train,137,6,proxy,1,0,0,0,0,0,0,not_invoked,,1,2176,0.9873000008155941,0.0017000002117129043,0.00019999970390927047,0.0009000004865811206,0.004000000444648322,0.99800000043615
1034,d137_u7,neutral,train,137,7,proxy,1,0,0,0,0,0,0,not_invoked,,1,2176,1.05249999978696,0.0018000000636675395,0.0002999995558639057,0.000999999429041054,0.004000000444648322,1.0633000001689652
1035,d138_u0,angry,train,138,0,proxy,1,0,0,0,0,0,0,not_invoked,,1,2176,1.0000000002037268,0.0016999993022182025,0.00019999970390927047,0.0007999997251317836,0.00399999953515362,1.0107999996762373
1036,d138_u1,angry,train,138,1,proxy,1,0,0,0,0,0,0,not_invoked,,1,2176,1.0351999999329564,0.0018000000636675395,0.00030000046535860747,0.0008999995770864189,0.0039000005926936865,1.0457999997015577
1037,d138_u2,happy,train,138,2,proxy,1,0,0,0,0,0,0,not_invoked,,1,2176,1.030200000059267,0.0018999999156221747,0.00020000061340397224,0.0008999995770864189,0.004100000296602957,1.0410999993837322
1038,d138_u3,angry,train,138,3,proxy,1,0,0,0,0,0,0,not_invoked,,1,2176,1.0394999999334686,0.0018000000636675395,0.0002999995558639057,0.0008000006346264854,0.00399999953515362,1.0499999998501153
1039,d138_u7,neutral,train,138,7,proxy,1,0,0,0,0,0,0,not_invoked,,1,2176,1.0959000001093955,0.0018000000636675395,0.0002999995558639057,0.0007999997251317836,0.004000000444648322,1.1064999998779967
1040,d138_u8,neutral,train,138,8,proxy,1,0,0,0,0,0,0,not_invoked,,1,2176,1.0480000000825385,0.0018000000636675395,0.00019999970390927047,0.0007999997251317836,0.004099999387108255,1.058799999555049
1041,d138_u9,neutral,train,138,9,proxy,1,0,0,0,0,0,0,not_invoked,,1,2176,1.0697999996409635,0.0018000000636675395,0.00019999970390927047,0.0008999995770864189,0.004100000296602957,1.1006999993696809
1042,d138_u10,happy,train,138,10,proxy,1,0,0,0,0,0,0,not_invoked,,1,2176,0.9507999993729754,0.0016999993022182025,0.00030000046535860747,0.0010000003385357559,0.00399999953515362,0.9614000000510714
1043,d138_u11,angry,train,138,11,proxy,1,0,0,0,0,0,0,not_invoked,,1,2176,1.0206999995716615,0.0018000000636675395,0.00030000046535860747,0.0009000004865811206,0.00399999953515362,1.0313999991922174
1044,d138_u12,neutral,train,138,12,proxy,1,0,0,0,0,0,0,not_invoked,,1,2176,1.0864999994737445,0.0018999999156221747,0.00030000046535860747,0.000999999429041054,0.004100000296602957,1.097700000173063
1045,d138_u14,neutral,train,138,14,proxy,1,0,0,0,0,0,0,not_invoked,,1,2176,0.9928999998010113,0.0018999999156221747,0.00030000046535860747,0.0008999995770864189,0.004100000296602957,1.0037000001830165
1046,d138_u15,angry,train,138,15,proxy,1,0,0,0,0,0,0,not_invoked,,1,2176,0.92549999953917,0.0017000002117129043,0.00030000046535860747,0.0007999997251317836,0.004100000296602957,0.9361000002172659
1047,d139_u0,neutral,train,139,0,proxy,1,0,0,0,0,0,0,not_invoked,,1,2176,1.142000000072585,0.0017000002117129043,0.00019999970390927047,0.0008999995770864189,0.004100000296602957,1.1526999996931409
1048,d139_u1,neutral,train,139,1,proxy,1,0,0,0,0,0,0,not_invoked,,1,2176,1.0463999997227802,0.0017000002117129043,0.0002999995558639057,0.0009000004865811206,0.004000000444648322,1.0571000002528308
1049,d139_u2,angry,train,139,2,proxy,1,0,0,0,0,0,0,not_invoked,,1,2176,0.9958000000551692,0.0017000002117129043,0.00019999970390927047,0.0008999995770864189,0.004200000148557592,1.0068000001410837
1050,d139_u3,happy,train,139,3,proxy,1,0,0,0,0,0,0,not_invoked,,1,2176,1.0187999996560393,0.0018000000636675395,0.00019999970390927047,0.0009000004865811206,0.0038999996831989847,1.0293000004821806
1051,d139_u5,happy,train,139,5,proxy,1,0,0,0,0,0,0,not_invoked,,1,2176,0.943800000641204,0.0018000000636675395,0.0002999995558639057,0.0009000004865811206,0.00399999953515362,0.9544000004098052
1052,d140_u0,neutral,train,140,0,proxy,1,0,0,0,0,0,0,not_invoked,,1,2176,1.4776999996684026,0.0022999993234407157,0.0002999995558639057,0.0010999992809956893,0.004599999556376133,1.4904999998179846
1053,d140_u1,neutral,train,140,1,proxy,1,0,0,0,0,0,0,not_invoked,,1,2176,1.7220999998244224,0.003000000106112566,0.0006000000212225132,0.0012000000424450263,0.00670000008540228,1.7397999999957392
1054,d141_u0,neutral,train,141,0,proxy,1,0,0,0,0,0,0,not_invoked,,1,2176,1.5906999997241655,0.002899999344663229,0.00039999940781854093,0.0013999997463542968,0.0068999997893115506,1.6079000006357091
1055,d141_u1,neutral,train,141,1,proxy,1,0,0,0,0,0,0,not_invoked,,1,2176,1.6711999996914528,0.002100000529026147,0.00030000046535860747,0.0009000004865811206,0.004900000021734741,1.6838000001371256
1056,d141_u2,neutral,train,141,2,proxy,1,0,0,0,0,0,0,not_invoked,,1,2176,1.717099999950733,0.00199999976757681,0.0002999995558639057,0.0010000003385357559,0.004499999704421498,1.7293000000790926
1057,d141_u3,neutral,train,141,3,proxy,1,0,0,0,0,0,0,not_invoked,,1,2176,1.3090000002193847,0.0020000006770715117,0.00030000046535860747,0.000999999429041054,0.0045000006139162,1.3207000001784763
1058,d141_u4,neutral,train,141,4,proxy,1,0,0,0,0,0,0,not_invoked,,1,2176,1.1762000003727735,0.0018999999156221747,0.00020000061340397224,0.0010000003385357559,0.004399999852466863,1.1876999997184612
1059,d141_u5,neutral,train,141,5,proxy,1,0,0,0,0,0,0,not_invoked,,1,2176,1.204400000460737,0.0018999999156221747,0.00019999970390927047,0.0009000004865811206,0.004499999704421498,1.2160999995103339
1060,d141_u6,neutral,train,141,6,proxy,1,0,0,0,0,0,0,not_invoked,,1,2176,1.1615000003075693,0.0018999999156221747,0.00030000046535860747,0.0008999995770864189,0.00419999923906289,1.1726000002454384
1061,d141_u7,neutral,train,141,7,proxy,1,0,0,0,0,0,0,not_invoked,,1,2176,1.1217999999644235,0.0018999999156221747,0.0002999995558639057,0.0008999995770864189,0.004200000148557592,1.132800000050338
1062,d142_u0,neutral,train,142,0,proxy,1,0,0,0,0,0,0,not_invoked,,1,2176,1.114900000175112,0.0018999999156221747,0.00030000046535860747,0.000999999429041054,0.004300000000512227,1.1260999999649357
1063,d142_u1,happy,train,142,1,proxy,1,0,0,0,0,0,0,not_invoked,,1,2176,1.1531999998624087,0.0018000000636675395,0.00030000046535860747,0.0007999997251317836,0.004399999852466863,1.1645000004136818
1064,d143_u0,neutral,train,143,0,proxy,1,0,0,0,0,0,0,not_invoked,,1,2176,1.1812000002464629,0.0018999999156221747,0.0002999995558639057,0.0010000003385357559,0.004200000148557592,1.1924000000362867
1065,d143_u1,neutral,train,143,1,proxy,1,0,0,0,0,0,0,not_invoked,,1,2176,1.1670000003505265,0.0019000008251168765,0.0002999995558639057,0.0010000003385357559,0.004200000148557592,1.1784999996962142
1066,d143_u2,sad,train,143,2,proxy,1,0,0,0,0,0,0,not_invoked,,1,2176,1.1359000000084052,0.0018000000636675395,0.0002999995558639057,0.0010000003385357559,0.004200000148557592,1.1469000000943197
1067,d143_u3,happy,train,143,3,proxy,1,0,0,0,0,0,0,not_invoked,,1,2176,1.1154999992868397,0.00199999976757681,0.00019999970390927047,0.0008999995770864189,0.004200000148557592,1.1266999999861582
1068,d143_u4,neutral,train,143,4,proxy,1,0,0,0,0,0,0,not_invoked,,1,2176,1.1461999993116478,0.0018999999156221747,0.0002999995558639057,0.0010000003385357559,0.004399999852466863,1.1576000006243703
1069,d144_u0,neutral,train,144,0,proxy,1,0,0,0,0,0,0,not_invoked,,1,2176,1.176800000393996,0.0018999999156221747,0.0002999995558639057,0.0010000003385357559,0.004300000000512227,1.188199999887729
1070,d144_u1,neutral,train,144,1,proxy,1,0,0,0,0,0,0,not_invoked,,1,2176,1.2400000005072798,0.002100000529026147,0.00030000046535860747,0.0010000003385357559,0.004499999704421498,1.2522999995780992
1071,d144_u2,neutral,train,144,2,proxy,1,0,0,0,0,0,0,not_invoked,,1,2176,1.1930999999094638,0.00199999976757681,0.00030000046535860747,0.0008999995770864189,0.004400000761961564,1.2047999998685555
1072,d144_u3,neutral,train,144,3,proxy,1,0,0,0,0,0,0,not_invoked,,1,2176,1.156299999820476,0.0018999999156221747,0.0002999995558639057,0.000999999429041054,0.004399999852466863,1.1678000000756583
1073,d144_u5,happy,train,144,5,proxy,1,0,0,0,0,0,0,not_invoked,,1,2176,1.2018000006719376,0.00199999976757681,0.00030000046535860747,0.0010000003385357559,0.004399999852466863,1.21339999986958
1074,d145_u1,neutral,train,145,1,proxy,1,0,0,0,0,0,0,not_invoked,,1,2176,1.1838000000352622,0.0018999999156221747,0.00030000046535860747,0.0008999995770864189,0.004400000761961564,1.1950999996770406
1075,d145_u2,angry,train,145,2,proxy,1,0,0,0,0,0,0,not_invoked,,1,2176,1.2281999997867388,0.002100000529026147,0.00019999970390927047,0.0008999995770864189,0.004399999852466863,1.2396000001899665
1076,d145_u3,neutral,train,145,3,proxy,1,0,0,0,0,0,0,not_invoked,,1,2176,1.209000000017113,0.00199999976757681,0.0002999995558639057,0.0009000004865811206,0.004800000169780105,1.2209999995320686
1077,d145_u6,angry,train,145,6,proxy,1,0,0,0,0,0,0,not_invoked,,1,2176,1.1706000004778616,0.0018999999156221747,0.00019999970390927047,0.0010000003385357559,0.004399999852466863,1.182199999675504
1078,d145_u8,angry,train,145,8,proxy,1,0,0,0,0,0,0,not_invoked,,1,2176,1.1814999998023268,0.0018999999156221747,0.00030000046535860747,0.0009000004865811206,0.004300000000512227,1.1928000003536
1079,d145_u12,angry,train,145,12,proxy,1,0,0,0,0,0,0,not_invoked,,1,2176,1.194000000396045,0.0019000008251168765,0.00019999970390927047,0.0008999995770864189,0.004399999852466863,1.2057000003551366
1080,d145_u13,angry,train,145,13,proxy,1,0,0,0,0,0,0,not_invoked,,1,2176,1.272900000003574,0.0018999999156221747,0.0002999995558639057,0.0009000004865811206,0.004399999852466863,1.2992000001759152
1081,d145_u14,happy,train,145,14,proxy,1,0,0,0,0,0,0,not_invoked,,1,2176,1.2026999993395293,0.0018999999156221747,0.00019999970390927047,0.0008999995770864189,0.004399999852466863,1.214300000356161
1082,d145_u17,neutral,train,145,17,proxy,1,0,0,0,0,0,0,not_invoked,,1,2176,1.0784000005514827,0.0018999999156221747,0.00019999970390927047,0.000999999429041054,0.004200000148557592,1.0895999994318117
1083,d146_u0,neutral,train,146,0,proxy,1,0,0,0,0,0,0,not_invoked,,1,2176,1.1133999996673083,0.0018999999156221747,0.0002999995558639057,0.0008999995770864189,0.004399999852466863,1.1247000002185814
1084,d146_u1,sad,train,146,1,proxy,1,0,0,0,0,0,0,not_invoked,,1,2176,1.130199999352044,0.0018999999156221747,0.0002999995558639057,0.0010000003385357559,0.004100000296602957,1.1414000000513624
1085,d146_u2,neutral,train,146,2,proxy,1,0,0,0,0,0,0,not_invoked,,1,2176,1.1294999994788668,0.0020000006770715117,0.0002999995558639057,0.0008999995770864189,0.004399999852466863,1.1408999998820946
1086,d146_u3,angry,train,146,3,proxy,1,0,0,0,0,0,0,not_invoked,,1,2176,1.1175999998158659,0.0018000000636675395,0.00030000046535860747,0.0010000003385357559,0.004200000148557592,1.128900000367139
1087,d146_u4,neutral,train,146,4,proxy,1,0,0,0,0,0,0,not_invoked,,1,2176,1.1397999996916042,0.0018999999156221747,0.00020000061340397224,0.0008999995770864189,0.00419999923906289,1.150900000538968
1088,d146_u5,neutral,train,146,5,proxy,1,0,0,0,0,0,0,not_invoked,,1,2176,1.1323999997330247,0.0018000000636675395,0.00030000046535860747,0.0010000003385357559,0.00419999923906289,1.1435000005803886
1089,d146_u6,neutral,train,146,6,proxy,1,0,0,0,0,0,0,not_invoked,,1,2176,1.120699999773933,0.0018999999156221747,0.0002999995558639057,0.0010000003385357559,0.004200000148557592,1.1319999994157115
1090,d146_u7,neutral,train,146,7,proxy,1,0,0,0,0,0,0,not_invoked,,1,2176,1.126000000112981,0.0019000008251168765,0.0002999995558639057,0.0010000003385357559,0.004200000148557592,1.1371999999028048
1091,d146_u8,neutral,train,146,8,proxy,1,0,0,0,0,0,0,not_invoked,,1,2176,1.1279000000286032,0.0018999999156221747,0.0002999995558639057,0.0010000003385357559,0.004200000148557592,1.1394000002837856
1092,d146_u9,sad,train,146,9,proxy,1,0,0,0,0,0,0,not_invoked,,1,2176,1.1726000002454384,0.0018000000636675395,0.00030000046535860747,0.0010000003385357559,0.004399999852466863,1.1839999997391715
1093,d146_u10,sad,train,146,10,proxy,1,0,0,0,0,0,0,not_invoked,,1,2176,1.1787000003096182,0.0018999999156221747,0.00030000046535860747,0.0008999995770864189,0.00419999923906289,1.189900000099442
1094,d146_u11,sad,train,146,11,proxy,1,0,0,0,0,0,0,not_invoked,,1,2176,1.1385999996491591,0.0018000000636675395,0.00030000046535860747,0.0010000003385357559,0.004200000148557592,1.149700000496523
1095,d146_u12,sad,train,146,12,proxy,1,0,0,0,0,0,0,not_invoked,,1,2176,1.111999999920954,0.0018000000636675395,0.00019999970390927047,0.0008999995770864189,0.004300000000512227,1.1232000006202725
1096,d147_u0,neutral,train,147,0,proxy,1,0,0,0,0,0,0,not_invoked,,1,2176,1.107800000681891,0.0018000000636675395,0.00020000061340397224,0.0008999995770864189,0.004300000000512227,1.1191000003236695
1097,d147_u1,neutral,train,147,1,proxy,1,0,0,0,0,0,0,not_invoked,,1,2176,1.1447999995652935,0.00199999976757681,0.00030000046535860747,0.0008999995770864189,0.004499999704421498,1.1566000002858345
1098,d147_u2,neutral,train,147,2,proxy,1,0,0,0,0,0,0,not_invoked,,1,2176,1.184899999316258,0.00199999976757681,0.00030000046535860747,0.0008999995770864189,0.004600000465870835,1.1966000001848442
1099,d147_u3,happy,train,147,3,proxy,1,0,0,0,0,0,0,not_invoked,,1,2176,1.1682999993354315,0.00199999976757681,0.0002999995558639057,0.0010000003385357559,0.004499999704421498,1.180400000521331
1100,d147_u5,happy,train,147,5,proxy,1,0,0,0,0,0,0,not_invoked,,1,2176,1.1587999997573206,0.0019000008251168765,0.0002999995558639057,0.0008999995770864189,0.004200000148557592,1.170300000012503
1101,d147_u9,neutral,train,147,9,proxy,1,0,0,0,0,0,0,not_invoked,,1,2176,1.1728999998013023,0.00199999976757681,0.00030000046535860747,0.0008999995770864189,0.0045000006139162,1.1844000000564847
1102,d147_u10,neutral,train,147,10,proxy,1,0,0,0,0,0,0,not_invoked,,1,2176,1.5500999998039333,0.003000000106112566,0.0005000001692678779,0.001600000359758269,0.008200000593205914,1.5698000006523216
1103,d147_u11,angry,train,147,11,proxy,1,0,0,0,0,0,0,not_invoked,,1,2176,1.4370000008057104,0.003000000106112566,0.0002999995558639057,0.0013999997463542968,0.007300000106624793,1.4547999999194872
1104,d148_u0,angry,train,148,0,proxy,1,0,0,0,0,0,0,not_invoked,,1,2176,1.5271000002030632,0.002100000529026147,0.00030000046535860747,0.000999999429041054,0.004899999112240039,1.5401000000565546
1105,d148_u1,neutral,train,148,1,proxy,1,0,0,0,0,0,0,not_invoked,,1,2176,1.340199999503966,0.0020000006770715117,0.00020000061340397224,0.000999999429041054,0.004499999704421498,1.352000000224507
1106,d148_u2,angry,train,148,2,proxy,1,0,0,0,0,0,0,not_invoked,,1,2176,1.173900000139838,0.0020000006770715117,0.00019999970390927047,0.000999999429041054,0.00470000031782547,1.186099999358703
1107,d148_u3,angry,train,148,3,proxy,1,0,0,0,0,0,0,not_invoked,,1,2176,1.1776999999710824,0.0018000000636675395,0.0002999995558639057,0.0009000004865811206,0.004499999704421498,1.1887999999089516
1108,d148_u4,angry,train,148,4,proxy,1,0,0,0,0,0,0,not_invoked,,1,2176,1.1112000001958222,0.0018999999156221747,0.0002999995558639057,0.0009000004865811206,0.004399999852466863,1.1225999996895553
1109,d148_u7,neutral,train,148,7,proxy,1,0,0,0,0,0,0,not_invoked,,1,2176,1.1350000004313188,0.0019000008251168765,0.0002999995558639057,0.0009000004865811206,0.004600000465870835,1.1467000003904104
1110,d148_u8,neutral,train,148,8,proxy,1,0,0,0,0,0,0,not_invoked,,1,2176,1.209000000017113,0.00199999976757681,0.0002999995558639057,0.0010000003385357559,0.004200000148557592,1.2205000002722954
1111,d148_u9,neutral,train,148,9,proxy,1,0,0,0,0,0,0,not_invoked,,1,2176,1.1711999995895894,0.0018000000636675395,0.0002999995558639057,0.0009000004865811206,0.004399999852466863,1.1826999998447718
1112,d148_u10,neutral,train,148,10,proxy,1,0,0,0,0,0,0,not_invoked,,1,2176,1.2286999999560066,0.0018999999156221747,0.0002999995558639057,0.0010000003385357559,0.004499999704421498,1.2401999993016943
1113,d148_u11,neutral,train,148,11,proxy,1,0,0,0,0,0,0,not_invoked,,1,2176,1.2201999998069368,0.0018000000636675395,0.00030000046535860747,0.0008999995770864189,0.004300000000512227,1.2314000005062553
1114,d148_u12,neutral,train,148,12,proxy,1,0,0,0,0,0,0,not_invoked,,1,2176,1.1469999999462743,0.0018000000636675395,0.0002999995558639057,0.000999999429041054,0.004200000148557592,1.158400000349502
1115,d148_u14,neutral,train,148,14,proxy,1,0,0,0,0,0,0,not_invoked,,1,2176,1.1992999998255982,0.002200000380980782,0.00020000061340397224,0.0008999995770864189,0.00470000031782547,1.211400000102003
1116,d148_u16,neutral,train,148,16,proxy,1,0,0,0,0,0,0,not_invoked,,1,2176,1.1585000002014567,0.0017999991541728377,0.00019999970390927047,0.0009000004865811206,0.004499999704421498,1.170000000456639
1117,d148_u17,angry,train,148,17,proxy,1,0,0,0,0,0,0,not_invoked,,1,2176,1.138199999331846,0.0018999999156221747,0.00030000046535860747,0.0009000004865811206,0.021699999706470408,1.1671000002024812
1118,d148_u18,angry,train,148,18,proxy,1,0,0,0,0,0,0,not_invoked,,1,2176,1.1915000004592002,0.0018999999156221747,0.00019999970390927047,0.0010000003385357559,0.004399999852466863,1.2030999996568426
1119,d148_u19,sad,train,148,19,proxy,1,0,0,0,0,0,0,not_invoked,,1,2176,1.1356000004525413,0.0018999999156221747,0.0002999995558639057,0.0009000004865811206,0.004499999704421498,1.147300000411633
1120,d148_u20,sad,train,148,20,proxy,1,0,0,0,0,0,0,not_invoked,,1,2176,1.1162000000695116,0.0018000000636675395,0.00030000046535860747,0.000999999429041054,0.004499999704421498,1.1279999998805579
1121,d149_u0,sad,train,149,0,proxy,1,0,0,0,0,0,0,not_invoked,,1,2176,1.113199999963399,0.0018999999156221747,0.00030000046535860747,0.0008999995770864189,0.004399999852466863,1.1247000002185814
1122,d149_u1,neutral,train,149,1,proxy,1,0,0,0,0,0,0,not_invoked,,1,2176,1.20489999972051,0.00199999976757681,0.00030000046535860747,0.0008999995770864189,0.004400000761961564,1.2163000001237378
1123,d149_u2,neutral,train,149,2,proxy,1,0,0,0,0,0,0,not_invoked,,1,2176,1.2475000003178138,0.0018999999156221747,0.0002999995558639057,0.0009000004865811206,0.004499999704421498,1.2593999999808148
1124,d149_u3,happy,train,149,3,proxy,1,0,0,0,0,0,0,not_invoked,,1,2176,1.1967999998887535,0.0018999999156221747,0.0002999995558639057,0.0009000004865811206,0.004300000000512227,1.2082000002919813
1125,d150_u1,neutral,train,150,1,proxy,1,0,0,0,0,0,0,not_invoked,,1,2176,1.1464999997770065,0.0018999999156221747,0.00019999970390927047,0.0009000004865811206,0.004499999704421498,1.1577999994187849
1126,d150_u2,angry,train,150,2,proxy,1,0,0,0,0,0,0,not_invoked,,1,2176,1.2096000000383356,0.0020000006770715117,0.00030000046535860747,0.000999999429041054,0.0045000006139162,1.2214999997013365
1127,d150_u3,sad,train,150,3,proxy,1,0,0,0,0,0,0,not_invoked,,1,2176,1.21339999986958,0.002100000529026147,0.0002999995558639057,0.0010000003385357559,0.004600000465870835,1.2253000004420755
1128,d151_u0,happy,train,151,0,proxy,1,0,0,0,0,0,0,not_invoked,,1,2176,1.1813999999503721,0.0018999999156221747,0.0002999995558639057,0.0010000003385357559,0.004399999852466863,1.1930999999094638
1129,d151_u1,happy,train,151,1,proxy,1,0,0,0,0,0,0,not_invoked,,1,2176,1.1796999997386592,0.0018999999156221747,0.00019999970390927047,0.000999999429041054,0.0045000006139162,1.1914000006072456
1130,d151_u2,happy,train,151,2,proxy,1,0,0,0,0,0,0,not_invoked,,1,2176,1.3495000002876623,0.00199999976757681,0.00030000046535860747,0.0008999995770864189,0.004400000761961564,1.361200000246754
1131,d151_u3,happy,train,151,3,proxy,1,0,0,0,0,0,0,not_invoked,,1,2176,1.0787000001073466,0.00199999976757681,0.00019999970390927047,0.0009000004865811206,0.004499999704421498,1.0901999994530343
1132,d151_u7,neutral,train,151,7,proxy,1,0,0,0,0,0,0,not_invoked,,1,2176,1.153100000010454,0.0018999999156221747,0.0002999995558639057,0.0009000004865811206,0.004300000000512227,1.1644999995041871
1133,d151_u8,angry,train,151,8,proxy,1,0,0,0,0,0,0,not_invoked,,1,2176,1.1367999995854916,0.0018000000636675395,0.00030000046535860747,0.0008999995770864189,0.004200000148557592,1.1478999995233607
1134,d151_u9,happy,train,151,9,proxy,1,0,0,0,0,0,0,not_invoked,,1,2176,0.7627000004504225,0.0018000000636675395,0.00019999970390927047,0.0009000004865811206,0.0037999998312443495,0.7730999996056198
